1643862689.0996506 1643862689.0990887 b0c157c599b8b7e1c034335bcaf699a573c302098dc4b2714301ec988815b7fc 89
1643862689.31736 1643862689.317026 4686966a1bf018ce691f88986e099456826280aff7ff6f9756110add39c9a596 88
1643862689.319763 1643862689.3195915 0f728c4418b88f82cf2efc5cdf03ccd05e012915fd8b830b92489680e41c9724 89
1643862689.4027848 1643862689.402525 efb990f7bce0492a829c8e3fa06ff5271555a983dbdd5d709f071439b5013efa 88
1643862689.423195 1643862689.4229772 4350dccffff8b5eb4afdedfead03e0303a9927318226dcfeca88aa9b1f272973 89
1643862689.4912288 1643862689.4909744 feaedb57f68ac48371dd7d0f2c4748dd6cbc65b472a1505fe486788c27688bbf 89
1643862689.559649 1643862689.5593565 7662b550c7c84968b54bbb0a4b1e0988bfea712c3d9daed44b3b5773f9c66816 89
1643862689.6207561 1643862689.6204836 00b336a319ed9f18785f5cba4cd807f6f172e03ab5e5ee594e5b513698e49258 89
1643862689.655302 1643862689.6549878 dc8402c4ce7bed29da6a7f91ea4c269d3b5ae5e0239a6486c74bff4fac97ce78 89
1643862689.8813639 1643862689.8810787 7f43ee7e29f440860da2a2c2169cf6aeb4776ef3fc14fe828480b8f9d90910ef 89
1643862690.3060274 1643862690.3057563 07792cd58f94950b2f93f52f2293804b8716acb44603c574fe5a2f6299567c68 89
1643862690.3494942 1643862690.349249 27cf00d51586cf6d52385751da241e571111955e05b20b76f2e555105169c33e 88
1643862690.7320619 1643862690.7317371 c1d02f88a614cbf797f137d70a39db6101042b0be63d524c5dfb2bdf48eb852e 89
1643862691.119048 1643862691.1187892 8fe00e6d5088aa4405d7285df83edfb0aaa85280579738a01fb30a9208fc29b2 89
1643862691.274146 1643862691.273861 d9ec7d8ca6a7432ae922d0817b5886aae18f8080f7e09b40b84a3aeabf7ef82d 88
1643862691.3417034 1643862691.341459 d03c2a6ddc983c55636e95379e23e28bbc006ce9395724ad28a7eb1f764cd4f0 88
1643862691.3441763 1643862691.3440192 b96723c7597e96179332f0f4e14602eecbdc07538bb8236f89888b3283120847 89
1643862691.4338455 1643862691.4335406 d3cb6e97ca98785256be9c2e7a55212ac801d0a6ab8db25999e70511a1ab9e1b 89
1643862691.6380205 1643862691.6377277 07d959d06ceb048ac001281fc8d6437f663798ac23810f6dd9523d606ac952f2 89
1643862691.7420077 1643862691.7417367 20e86aab0ab4b6d7b74c88429a72c0dd2d012ce1bd09dab94f7e54103be4301d 89
1643862692.0321503 1643862692.0318425 f48a49bb75bae8ae85d9fccdeaa4ba291a01d95c2c10418af3eedb385fdb1d4e 89
1643862692.1989672 1643862692.1986442 ea2529e1f906681d130a4b74133bc09128bc9c98d9a8f0fea3cfd7b9f1589080 89
1643862692.7168362 1643862692.7165117 4243dd5627576451a6b9332b967a317b42810387cdc01227201891ae85d3a1fa 89
1643862692.9247963 1643862692.924501 d7312842b74f996bb2e9685d784333d2bda8c877546e64b71af8918f7004e136 88
1643862693.0513964 1643862693.0511014 7ff995211e0a38efea8a5e755d41c8524274b897fa5c3df6516bcdf8510633a4 89
1643862693.10808 1643862693.1077573 c518cc6e6ddcbb8eaa10b849f7df79503e674330ff0ade0e46b29260438dde01 89
1643862693.3326244 1643862693.3323088 e73af495dfd2fdf9416c5ccd24c3729a470185922d426fec9262fee7c148964a 89
1643862693.3531804 1643862693.3528922 8ae2b27f289055cb61698bf71f1591e88e165985ea16c0089001da7eecacb6d0 89
1643862693.3982768 1643862693.3980088 70ffb3cdbd9ac0d3b594041d123861ce1fdf2a16dfbcb93d23396ec54513873e 89
1643862693.4259439 1643862693.4256957 8886c44278e2a1f876ad471125c2bc8daa1dfbe930950f6765dc9743a1d83dfd 89
1643862693.7066023 1643862693.7062635 e21781e9a05215760b849e97da45d19554b115b7af9f719665bab4c91af3b98e 89
1643862693.721282 1643862693.7210212 1ff62964e4963ff289e0046a8a63d483c9bbb281b728282be57939636f0b7721 89
1643862693.7883062 1643862693.7880468 4e9d33a91f6d98c9e87521d83b18b8052bd05fe025a5121a685ceeae5db544f8 89
1643862694.1630597 1643862694.1627636 a3dee7aa5c39809d0cc1080c6aeef5080ce7d6c30fa61e2db7a6a293b158f93a 89
1643862694.6920168 1643862694.6916957 83e328db751c68d5a6e89ab0e3ca89da7d287df81ab9328b6ad3f081f80e43f3 89
1643862694.7849257 1643862694.784633 546c16bb32a4232ff777e9354ffbb66e2361b51daf2eb3d507249efe063ed7a5 88
1643862694.8023388 1643862694.8020747 bb6f74439faf1b79f67727ddb24a0e9333fd6c8fb192d0fdf4cdafbdbd0c68a0 89
1643862694.9195297 1643862694.9192157 ab72c068da15d63eab98804f7f5533ef90e4d02fd595ea9881e0d7274cb2e83f 89
1643862695.1340032 1643862695.133714 780e608432c9614ad9bc6b07fa0b4551c37fe9ee13ca86d822831546ff8163d8 88
1643862695.4379494 1643862695.4375947 d4b8eb46b83b2cc8280cb39d3d814e2738bb0073fd5acb2204b9387118c431c1 89
1643862695.6501713 1643862695.6498256 36c4aeb4c74a2ae09297c6d43370ade2aaab6b1de21e185b4001b6186591f707 89
1643862695.922789 1643862695.9224727 ef99357823624a1dda9982baf81ac38168f5fe8593af581688cd7ae9fe0c2d2d 89
1643862695.9459832 1643862695.9456854 0521d9e69aac747d9f074d78fb95bed70da6bd2ae4847acea255a9cf995d4e06 89
1643862696.1515663 1643862696.1512315 8507ca4d99ca791876defda69246972bbea6adee5aa25971628d72ffc0c15e52 89
1643862696.2258635 1643862696.2255764 d4d1c6f877a9b6138006aeec7c2fc8917b60894d51e425d13311d8713a327b92 89
1643862696.4686377 1643862696.4682643 4dd8ceb81fac0f5ce04029e1cca17b1312264c888cb45ca4764d459ff5f3e495 89
1643862696.6562033 1643862696.6558764 23f98e7dc094c9e5e467a800d55c987100e8e49990001833d3990b8547142c74 89
1643862696.7267592 1643862696.7243328 0452849d6aeb1fd5554cb617ec48b1fd6a6c9d00c6a16d04ae46c6dcaffb2db2 89
1643862696.811018 1643862696.8106594 b870ac10518ac20b74a6a97498419dc28d3e47b49502ee4dd8fb06db03148106 89
1643862696.8132079 1643862696.8130386 f8bb74cfd291aed40f1963b255e033d8734b4f0fcd9c64294ed19b472c8ec23d 89
1643862696.8251703 1643862696.8249116 7bba62d9028b9deda1c73d06e030e1a6745a378784f6afb0525b05eaa834328d 89
1643862696.83393 1643862696.8337243 f113db334adfc508b03a428def4194d4720bccbb01e2fbb4b4ec639eb8d55502 89
1643862697.560665 1643862697.560324 952f5395a546bf25e53ad2352d1a0164ae6c26cfb61fb5d67ee97a03197b7939 88
1643862697.948021 1643862697.9477098 4064100f22bf0614d31b2fa7e06cb4c96877686e80ea8bc6ba501a81d9a0bebc 89
1643862698.508277 1643862698.5079315 b1db0d78fd01da131c3fa7c4c2ba33c16d57a74e5c6bb0ca83e24fba018b07b3 89
1643862698.9939718 1643862698.9936779 c1403944b5076833a6d209565146490d278f033b5ab48e949cda415d2b25812d 89
1643862699.2649863 1643862699.2647123 eeb0a0453baba899b57c09725146f65ec966502d5cdfc8c2c44bf3dcbf91f20f 89
1643862699.33386 1643862699.333601 1ec2d6ce73d275180dca37ff1d2aaac84f61cc658a6137bcfbbaab70856199ee 88
1643862699.663673 1643862699.66334 38cc485916689f78c6a5db322980caa541647f785c07c2ef4cc82920524a91e7 87
1643862700.1326146 1643862700.1323488 82adb3c5f764c5d99a205b059b67be61081a37f5d1c89a0c94c5be385d31a4f6 89
1643862700.2120118 1643862700.2117524 2c7b596815d1cea0018465839d5ec2c0b965dba1cc104bc223d2fb3bc61ef52f 89
1643862700.4549875 1643862700.4546926 20252efd0c219c80db3d409c42ac507080a94da7d210eb2db5f74397930505ef 89
1643862701.361279 1643862701.360939 24f81710392331a4505dfd79dd8b63cac375338e5a9b9dbc60df968f4cd47a25 88
1643862701.4466934 1643862701.446441 6d679ab44ed48d84e879f22e463b3d08c931da438c6130562f8a27f527e8df92 88
1643862701.8212552 1643862701.8209388 bca7eb9eafd434637919fd731f31aecab78ed4dc32acde8cf9dcd8f54974db07 89
1643862702.1707969 1643862702.1704812 c0f478a3f2dd05aad13c436712e57d19474cbc541a1a85ecbd2b1ce92786eb32 89
1643862702.2733126 1643862702.273061 9f00dd6a6baddfe56e1c05a5b58481c2fa492cb0dad9e827620809773ea492ab 88
1643862702.5678036 1643862702.5674744 f90b80eec4d6eafe772186cb86ea337af81e9f7808ef888dafac7deeaa4445ce 89
1643862702.982724 1643862702.9824483 6da2143497c672de002abf030ed771f4258c67bd3f08fdf28fd0df6b090c4d52 89
1643862702.9842157 1643862702.98404 a66176c6bda9ea9e9210171557c7c2624000e0e4c1f054772f13ef5769252fbc 87
1643862703.385712 1643862703.3854053 8805c8c92a4923ad0e83362ad74b00a60628942882b8116a208d0b3c98420f0b 89
1643862703.6134474 1643862703.613183 30dd8cdd74b64a7df868b45e948dcea5854a28c20c9066b2b8597b2629cecb22 88
1643862703.680398 1643862703.6801307 6d8809676e5214ddd1ca712b4370817a0400b1a31e1b6104b8091291812ccf45 89
1643862705.6966345 1643862705.696317 c22c30a9b5270088a5216675a1155444957fd654714778423a2db7c6fdffce88 88
1643862705.808552 1643862705.8082354 161b58c43e98b5c938c29f7debd31f4859ce5f0c20532591af7ef1cb35aa2551 89
1643862705.8286066 1643862705.828351 d0c5ae48fdd7d131d623896993a8043245797018f07470b1e18646cb4d10c0e9 88
1643862706.0081096 1643862706.007857 74cc245a56b87143a7adbb37543711dae30d9892cb251d667ebaf806d9af1548 88
1643862706.3120983 1643862706.3104699 af95d369b1570291a19c46d9805d898224d996529454d9be53dd99fb7a2069e1 89
1643862706.4379916 1643862706.4376664 0d17a842d253d7d5f5e78baeb4eb7b684d4f9bb49f00b0de7238205aad90c63a 89
1643862706.4874341 1643862706.487151 113f83bbcf5e74088e29ce4c63e01bdb65ca06a56a8712ac6767bfd1392dbc09 88
1643862706.5272484 1643862706.5269783 80bd01aa242ef91a91e42c792a23bed779fe8871030ca3c571fc43f959ac215b 89
1643862706.6604104 1643862706.6601076 7e59c6a2b418e58d3c3e38fb330e6ea1f767523a15fc23a27d49e07bce4f960a 89
1643862706.9079082 1643862706.9075625 e0ddd8575cb3b615eecc9177d93f2f291958ba307672146ea9ecf86bd73717b3 89
1643862706.9475725 1643862706.9473505 bb23bc39da7ba3d9c9c31299f6643a9c907b6086062e38a6eea72acbbc617d8a 89
1643862707.0740414 1643862707.0737853 4b0e527d561df41ab9ae02084976fc2a551455682c47824fb74f32e614bf9180 89
1643862707.1687915 1643862707.1684356 ebec9fb29bd4a14feeee9e80bae582ef2f344200f34294396a96be38e707571e 89
1643862707.3376687 1643862707.3373327 db23b2958ec5baa31ca6b972be22a54a06b899cf4fa2cafd0d9f71125a725a68 89
1643862707.424153 1643862707.423823 110a21b043e079a2b286ee67f8b40f5d45df165260952bf6b2453ba74660dd71 88
1643862707.8579395 1643862707.857663 44b7338ef68b419a601ca964b1da9dada8179848b5ae13ceca42e5de7c02e622 88
1643862707.904325 1643862707.9040802 60ab58b913413e0714ee85d056fe4966e4df520fd5f2be8d3188e2524fe1ee6a 89
1643862707.9682555 1643862707.9679427 7f0a4d3dfd62d0c5514ca01ed9420f2755867384454f5992a7bf407742ff17c2 89
1643862707.9963772 1643862707.9960904 61ed93e38d22aee8dcf5a36ee2f72d231f5935794ea2a1bea6e03c3110f10d3e 89
1643862708.2882574 1643862708.287997 68d6d1070e8bda67967586b785437527e9db21c8a3ffc68280330e28d1ffb401 88
1643862708.6936796 1643862708.6933289 35e49875e0b77d234524f27ca7ca677b8560e9b92bc943095e1d92613746fa7a 89
1643862709.104831 1643862709.1045601 189e710fe5c7028f93073b1f7d0b36312001988f6801ea192cf5c91ed20555ce 89
1643862709.1627712 1643862709.1624546 7d3d1019453b7d97f112dc3f963d738180620d8a927fc75aa86d99daca3d913a 89
1643862709.1655009 1643862709.1653345 522f4d64b7f22c96fb9deb989a46ae9fe8ea9642bc9ddd5b3337a6cc3658b7cd 89
1643862709.249207 1643862709.2489233 a8e2eb26dce271357d331dd416fe94159a1cb8dacdf3035b8a7b60c4d700fc43 89
1643862709.3816724 1643862709.3813877 6796912590f1bf99a6efcabc77a8e1202c50c0a7439cffb6350cb0178e70b94a 89
1643862709.4780102 1643862709.477733 2841d36a05381565a9e90d5f0974531fb42e9c82003587f766201b57841baaeb 88
1643862709.7003233 1643862709.6999638 f7e163ce09528b6b43fa37e0fe7a256f8762773e805de24eebaa0d8f14adc719 89
1643862709.9355056 1643862709.935223 aaa15dc90dd6c7fc1fc671c72475a1b0877fec298a7271639bb696b7b9e05c3f 88
1643862710.2142365 1643862710.2139769 0706621d5d023441b11fc08fa4823e8b8910cc74173a47e428fa603f5ae81570 89
1643862710.272196 1643862710.2719326 6f2742e1a8569a66e1efcf15f78b8c6dbdaf72bdaa7de6c2b0835f220b3c5ea4 89
1643862711.3560367 1643862711.3557725 48ac452540374dfcbb604c50248ae0172aef80e1354852eb13d6ca1a51d59247 89
1643862711.413105 1643862711.4128335 92901f5318e0120f613b44234ffbfff394d01ff9f3d0ad0d208b81dc586f2c10 89
1643862711.696587 1643862711.6962771 e19d292a4c992c09252f5e39e2a61a11520befc93b409011a5d6c365331e0f50 89
1643862711.7424214 1643862711.7421756 6443349dce33a47c8c2751b1c36d262345895823932367ef8b8c66a535acf1b8 89
1643862711.8507593 1643862711.8505008 270d843cee5b1ed60866cf4350556ca7e2e3368cbc0820673be3be0ab44f4572 89
1643862712.0662165 1643862712.065946 7d20f78fc64db1ba0675ae393fb3a5e4025a6247868b2623a25cae794f1b966b 88
1643862712.1668446 1643862712.166537 c2a82f762c23ac0b374257c0d7962f71f713fe0d242d96f6072dd82087508f08 88
1643862712.8923364 1643862712.891996 7d71dd42591db875fbf1d812e964d66b9e1ff1812e6bef605192ad8ca6796b70 88
1643862712.923954 1643862712.9237018 969ac2b8e1628a66101a6d5f0d19124a89a283cb653873b04dce1552c3913de3 89
1643862713.0937088 1643862713.0934389 cb14a974f2e886a20112363c32deeb522852043ac1cdcc563c416d5d52ca18ca 89
1643862713.2853594 1643862713.2850804 a96c2d96c3a2dc1e737cf154e675695c0770e44608a692538f317a26f33d5703 89
1643862713.3471072 1643862713.3468094 cfb217db206a0d44fb33b0df448afa65646a71f6d7ce476108820a69e25b205f 89
1643862713.3566854 1643862713.3564873 77f5d76104cd4414a505012c0e788d2b44bfdafdbe599f30ea7f832e5c9ed460 89
1643862713.5518177 1643862713.5515103 4f51527137050260d296570441e6c145e8608503ce38105cef0fad9214f017d0 89
1643862713.7151346 1643862713.714855 507824e4e29b3ca08b267193f33b116a5a4e116e58c3fb2ba4c16babb1e61023 88
1643862713.8059335 1643862713.8056648 957486c80329553f303ad2b3736e5ad5a12b6a507b0bdf256a505a124061e874 89
1643862714.322094 1643862714.3217485 a8cd7ffe44f275bf87b704ee282f8ebc40603648d1cb903c74dafcb64f06c787 89
1643862714.434788 1643862714.4345284 63bec3bfb1ecad5cff91fae6820bbc8219508eec712a46c13267be5ed6d38fe6 89
1643862714.4779496 1643862714.4776468 40968727f6104d47d140cd392cc26772eacf4cf60293686b11203254212acb97 89
1643862714.8665855 1643862714.866227 49601573f860796672336b71f2eb3c0cb7eb7c7ccacd7b0c11bc96c5ba3cfa31 88
1643862714.8771422 1643862714.8769164 8cbd9842d52658bb46dca791f0a66b39b3a511e836a4ad630c4fd14a393388f3 89
1643862715.0213125 1643862715.0210302 395a5781d8649bcd5bcd82171f0b3948c07efdd0efa35488d04c56e076fccf80 89
1643862715.1034634 1643862715.1031709 5e2475c938dcd677683549172539df8a0dc6fcff4c71f72da578833d89628008 89
1643862715.3794866 1643862715.3792367 d33025fd089f03e49ae122ab2e1fe7a7254a799c3921b6e6d51b913631644dba 89
1643862715.5933337 1643862715.592972 3e81836500391b805f23df564076555ec197924e307f603c1321c1053624c8cd 88
1643862715.7793841 1643862715.7790995 835af4b38c9115e31f707c4c569d1bcf3d23593b47c9093510135dceee73a8bb 89
1643862715.781852 1643862715.7817004 62feaeb8ccf2ff600cfb438a507a93f8654d0d6a8f07209a5b82ebba8cf1df72 89
1643862715.7941885 1643862715.793947 550a3c01a7c8c9e5a5e5eba55bf57b6a44e63156dffbd80b001bb148b515dde3 88
1643862715.794822 1643862715.794691 ed2d0ee156fadfed0a1f39183eb5bc3bdd424036a5b38a19af28b6a0a9830869 88
1643862716.024846 1643862716.0244942 4b6640931ee1aab0558b5bd91456825a8dce138dad2cb4fa6813c16de0f577a4 89
1643862716.5226352 1643862716.5223024 0cc2e1a4617f4f0b1ea7af6b43588d5b2a5589ad81a08c1e7eb9e15c6189ada8 89
1643862716.5414135 1643862716.5411906 fc3a9e4b37592157f30ce31a127f225c7a4389e2f58a6663f9cf0e30ac381597 89
1643862716.6574256 1643862716.6571777 8e416abc9b3e798ea850ac9126d93c51a09860b557b33442fcda64fa5ff0efeb 89
1643862716.9896398 1643862716.989306 0824f0aca9c2f37803682d17e21f5e9d6bb61540c5974657a1048b24fe9d0527 88
1643862717.1617532 1643862717.1614628 955801e175fe7e65a530cc05c7cd231b7d91de1ec9368f3d13efe45aab460e9c 89
1643862717.3937945 1643862717.3935177 a892653dada9cb6361890244738a264c5003d36dbe9a8322656afa638bb28487 89
1643862717.5330708 1643862717.5327978 72085de597a1d304c3f15aa9be8b0435efecf61eab16520ce20e5740632f2eeb 89
1643862718.6123562 1643862718.61206 365129675a993ab8078e53082d94c0311ca36ee72baebde5e59338a4a95185a3 87
1643862718.8294866 1643862718.829203 d1cb7da89b11d4f1b5a07a86d809bebb2a51535ff4c3036eaef11b02980a922a 88
1643862718.884828 1643862718.8845644 890e620d5a6a613b7579e5bcb583679f9407a9e257744c1a5177203a03228ed5 89
1643862718.912531 1643862718.9123092 daab223c75de6fe0dedf3e872da5848ca47ca16dfdd6bed1e31ee111f219805a 89
1643862718.9318395 1643862718.9316711 ff14240a5d73f3b2fff98a1736806d4f9e5739eb067261b4240ed8a7e2cdca60 89
1643862718.9922256 1643862718.9919918 17e622305256b7facc2a987e7b6ffb3e0167eb99d07dd37be8c06d893e04fe52 89
1643862719.521951 1643862719.5216675 76c2716d70f40def93ad79afbd01f56de62e255eea9f6ad854f27a404b3a185f 89
1643862720.0629358 1643862720.062661 ff3b14aa45ff430dcfc9f6219fa58d4dbbf55ba50b55392e5e5e677264f1b07c 88
1643862720.0972307 1643862720.0969543 fbd7e6b161be994f8efc710998e3751d35d1c787b62cccb1dc775e06d6641a30 89
1643862720.116524 1643862720.1162872 e65956b07c543fd8f5d812849d99188aa08d4a3f072c5fdbca290ada75ba0c2f 89
1643862720.153535 1643862720.1532943 e689234adc58f4bc37a9a093fc2da4f4502fbfb7f650f68e2feb9ff2a724243e 89
1643862720.1569986 1643862720.1568148 f3fab1c5e2a2e0fa57b6e53ef5e78fd21f84569b2ebfe1ddb8bfa1e3cb941082 89
1643862720.183106 1643862720.182861 b2b8d549aa263ff1311e9b4fbcbcd7ad20389064bc2741b8cc36f6e234b701dd 88
1643862720.4075344 1643862720.407169 e169bd2eadd53b4c4200ba916597dcf3fd4f298eaa030359af211aa9e13181e8 88
1643862720.456611 1643862720.4563065 2c961636a2721c1af846253933cc908bb5d57261c9a021a27a1d7f75af4e82d9 89
1643862720.5116389 1643862720.5113177 ec4fb82bce16387b7427ad477ffa28083fe63c038f530b506426451ae6079ee4 89
1643862720.5693324 1643862720.5690765 cb15518598c932176805264af4f60753922895b6f85a8e74ae204f325486cdf7 89
1643862720.857823 1643862720.8574617 f728e844ac6e6d4d027ac7352c1ff6b49304f0aab9ae5d2b4eeb494c967c7670 89
1643862720.9980109 1643862720.9977202 3d11b72fbba7d710137362636bd9b47cbe99e22cf5102cf6e0467ccfb0e8d5f6 89
1643862721.0359454 1643862721.0354452 5c0b2df3ece313ed8db0118690397e743075888a9d67b46abedd1a804b3d6b98 89
1643862721.278189 1643862721.2778337 a0af445510fbf6a50f023698d49594e50f7c7c2cec9345ce9ac6d9721971d89e 89
1643862721.339289 1643862721.339001 9b0b7a113a512ea96ce97e919a41a981f64c26c859b62148c5bf35e4856afa53 88
1643862721.549584 1643862721.5492885 f89b720b7be72eedc969bc9541c94e8e17c6ab92789c49382ac91f356ab6a9eb 89
1643862721.8410845 1643862721.8408136 608107d8f43e5b7b36b0552179ab38df5ab03c989ff3002943d44a25296afee3 89
1643862721.87451 1643862721.8742623 f2bf840de8cc9332a5d7702edbc4d81b3824fd5664235686d80b93dec332baba 89
1643862721.881489 1643862721.8812833 c10ead43258f119d3a7d287896c2bcec6eafedb902600a0435df0a41cd391e1d 89
1643862722.038779 1643862722.038553 c9e3deb3d8ae273ed0aedf7bc025ee31a9193c371c058a384f0b2f4426361dc7 88
1643862722.1586275 1643862722.1583667 037db8bd7673328f83fed4fe7d790ada6218be2adf67c60f9ad09f597f804759 89
1643862722.4510581 1643862722.4507306 b7bb02a3bee29c2c3712bb8a2a586ec38cfe529dec2d40b44e2245b539542bcc 89
1643862722.8340483 1643862722.8337498 e6b77fa9a16fc29cf3e705ca2140365a0bf4128f91e1deb2c3714bcc49714495 89
1643862722.9149506 1643862722.9146307 e040e0790412da94fa70f06e1f33be35e94b432a8d821f994190f67727402714 89
1643862722.9587648 1643862722.9585223 91bbff8260bb95c1310979ff190234b8aa53f4885e28be66c8d223b38bba8efd 89
1643862723.02283 1643862723.022556 f39719165e64b659649da0f4880a7cc2e09db1cb29f54618f6c05a35eaebccd8 88
1643862723.1948962 1643862723.1946335 068d685ef4353616809c05b340be82479657f2eb31bd98e7b2d74a6124350c40 89
1643862723.4879138 1643862723.4876466 e76a5ee9b6e32e4bf5d30608b82c5c42df57ad7bd5678d67ff766ee48482885c 89
1643862723.6653802 1643862723.6651115 7027d0dcb7e628525fe512f617fccdfd787fe120705396420797cb7f09b65ff6 89
1643862723.698508 1643862723.6982687 086b09ce348beeab677ce9a43df7a9acd68335816874abc4df6a2e0d737bb1cd 89
1643862723.7761996 1643862723.7759283 af2808075b6ff25cecf51cd4c9169b5169ee7f195650008fb8e87a6accffb7a7 89
1643862723.780937 1643862723.7807608 1e16ffd00068463e541ac987e5eb11240f7b82b93c52a2c9baa6a069d07b696f 89
1643862724.0050478 1643862724.0047534 15c1cdd5cd22ec61af8f8e77136d0550db6185dcad934dd09b6941b9e9a5f504 89
1643862724.6070619 1643862724.6067836 746cb8d6418ba817701a531b85ec4302294696888fec1d52964b455899cc5fb6 89
1643862724.8090842 1643862724.8087776 f7715337c994bcd47148a24e06f1ff242c1b950233fc5d3244db1f3dcc2e13e3 89
1643862724.9239495 1643862724.923665 fc74851f9f84fa5bc3d5c369e30c9a888eaca0b0d77243938c5366fabe488958 88
1643862725.3675828 1643862725.3672724 e1ed96c8b038a1e57362d2f3f96253a5cae241c2f0435b0d0a5c8345b4c49e1c 89
1643862725.6624858 1643862725.6621978 598a53b4b62cbc75559a2bcb913e28df19182447482dd1ecfffe2b1a26b457a5 89
1643862725.9921844 1643862725.991918 0bdef187049c8a0c49d6b701f306f85a80a074964fe7ad899e69583899e477a2 88
1643862726.1990762 1643862726.1987936 3d0bef60eba4c8e814d1ec9a3e3d37ab8e9478c3689fcef7fe1667ccd90ea809 89
1643862726.3127935 1643862726.3125105 c43ddbaf1b7b22711d96e9e0b09cd5996ceea7a46adee3ddde414b9914480cb4 89
1643862726.6255069 1643862726.6251743 f6395d00a667041af40f8c51f96f7b98fe7006f54be1075ea86c297c630fc115 89
1643862726.6684933 1643862726.6682382 f3adefb2de0c094f383b50a22d414575bd430a7b58b936f274176025313ae8a9 89
1643862727.5041852 1643862727.5038564 ff34e3b4c7a3a1b45136c087c503054beefb82bd7a100733c8101f9a99d2f681 89
1643862727.6945145 1643862727.6942737 72e4cc885ff823029ba55bb1e8e8eeeb9155b2fe5a8ce195cc0540044d4de616 89
1643862727.726607 1643862727.726386 707c68df2b3ad977b9cf2643c36913cbdb51d0e3a823fc6d836562b7355ec79f 88
1643862728.084131 1643862728.0838063 5269baee179761d33c2e9ecc518b887fae242ef62a6ea08bee93cba258849736 89
1643862728.3147054 1643862728.3143291 61d4ed137828f5410624e7db0bd135290102c029f60213e88e28f24e4d97b2dc 89
1643862728.496987 1643862728.4966714 f0b026bd8438f2a1664cf7a097e7ec0903505ed81eb6e6ab659090da6a3bd689 89
1643862728.7898548 1643862728.7895484 e0ed8ff0bd90f8691cefcc1c39970dc32587bb538583762dc295ebb6b9c4c2e2 89
1643862728.9343271 1643862728.9339979 94cfd3146e88d9f5f7dff038d9ca6ab248e1595f51df64c220a80c9935dd332a 89
1643862728.9609199 1643862728.9606595 1bda58c715fa00fd84100f31840de5ccf7bf1407b53824d9bd8e71966d84c115 89
1643862729.0874023 1643862729.087125 72e7d3f4e2e2b41d48dbecb8655f52639e243e3ff565cd1e1c5cbe49c9021937 88
1643862729.1995242 1643862729.1992507 51ae30ce1d336864cc2f0a7ef0894080a7ecbe8629adb123d98db6d3d2977232 89
1643862729.808085 1643862729.8078198 53215ba9d6b88a329e41f7444e7f42a6a4669d950f8d7ad6827a0f7ea062db51 89
1643862729.9981577 1643862729.99783 627625c223336bbb6ca2771d5a664eb6ab880ee7a34bac0a36f509f7fb3f305d 87
1643862730.49391 1643862730.4935744 f7fdb28fd199ff3174af1855c797f2701be2d53d8f72a77cc8a3f5415d59f000 89
1643862730.6559923 1643862730.6557186 941654d6e79c4179b0d8ebdb9be537f13f945c93beda567c08dc7f536242f179 89
1643862730.758692 1643862730.7583697 46bd882ead93509d363d10916a41da6dfd8b9f592aaf515c3cc42ad30b928e05 89
1643862730.8438973 1643862730.8435888 dc3aaf99d0b3f1fa9e94649a23e696f039ee3c561bd24607d11539413ec51129 89
1643862730.8991988 1643862730.8988426 dcc8a1bb21105f34104913056065f47143612d8d23f6821e52e3fad20895ee5c 89
1643862730.9574618 1643862730.957189 813a3ca95c41b59e6fd5f9f83efee5020e11d6224ac9ed1e9d5404d29a160ac5 88
1643862731.0292835 1643862731.029015 6204309e4c2b35880eda629bbf3881f2b88354ee6f362c291f3ff6ae7f509cc6 88
1643862731.135493 1643862731.1351864 ecc7fed06a7055b35577574ea4290fd90401fb4f61d734554e7c18da2535a64c 89
1643862731.149063 1643862731.1488278 c088fea306f4f3d22172e7ca3a72904945c56f4cde36de7f84f78de93d025d08 89
1643862731.1783786 1643862731.1781368 4218bba52ec10492221f4020d6602ee6fc7a63dd6adc72e58d58ce3f83694aa8 89
1643862731.2555597 1643862731.2552989 6149dab7a8e5722a09455c6d018ab194e607cd38e7796289c0cb4ecd17339a05 89
1643862732.4267664 1643862732.426395 0144bfdd2c215624a588911a5f32f093dcbd39a7731c18458373802ee76de12d 88
1643862732.4849377 1643862732.4846327 2b340fd5c00f9fe63bf630502a0bca308d10465020193831dd73de40878af455 89
1643862732.5115764 1643862732.5112891 c3b1ddbcc37074a1b8573fce1673fb9267eae4d1b0ba6ba1901e1648fd359f96 89
1643862732.779625 1643862732.779343 ff437c7d7d29fdc5f942fe3c0a4e46fb970bd1111e2dd54d7d2654892921fd37 88
1643862733.0300558 1643862733.0298004 b0b2154eec4f8ceeb74112c70a70fa66837f226e946aa54087af152a76a4573a 89
1643862733.3488834 1643862733.3485637 0c9abe6176e091959985d12e6302f290e39df6dec4b4d8fe4704adc12b462d7a 89
1643862733.5840662 1643862733.5837545 5039834273ffcae775c30af06c443c1823c077b4f1e5e0b356f38d790abfefe3 89
1643862733.873576 1643862733.8732955 d4ec949cef3cb79ec52049a207ed8dea3b66c1caa074e5897bdd2e0be2c09125 89
1643862733.991686 1643862733.9913778 6039c1ee8410b8a13f332a3d119e4f6c44ce28020fd7e054d742df065bebb6a4 89
1643862734.1592903 1643862734.1589699 50423473c11da427b163ee9e926fe86897994f50330830cdb1dca86ba13b07c6 89
1643862734.2012932 1643862734.2010272 0347bfc1883394b0c234770a97cf4ff8566fe4715032ff0b192dbf00a1976059 89
1643862734.2023022 1643862734.2021384 6a075cbac0f036f9e248862c7d0e5c2f1c0a48b65eab5069fab057caf387794d 89
1643862734.2672615 1643862734.2669475 8e471f1015877c4754cfaad8e6dc0ddc6ebbd7fa73a7f7313495ba53473ed0fa 89
1643862734.3855574 1643862734.3852677 462af82482a74d50be8d4001e0ab93953df3b57a7fdba0f07b06187ff4d275ed 89
1643862734.4304173 1643862734.4301577 902dd86a43a70995ad0a5c138185ee895d387efc9df7ae85b5a9cfbb7d2b53e6 89
1643862734.7843854 1643862734.7841287 41f4a28a51db27bf394280d957e4ec7745ae0ae9d9de04b7262696cc869d39ad 89
1643862734.8013868 1643862734.801163 56c3f41db1f17c923ebee156f93df6988708bedd2a34f5408369f8b661267793 88
1643862734.9719076 1643862734.9716408 a4e563f0ec9fd8bacf815aa261b49370ec7257fbe7515233285539694c5ea7dc 89
1643862734.9869127 1643862734.9866507 55f27c686f7ddc16458430541733df34c947c98688ebc6866dae9edc5ad83694 89
1643862735.0202434 1643862735.0200064 63ff1756d00d0343b6eaf7c89c2e6f6632cb25773be6696e197fccc37ee2680b 89
1643862735.407322 1643862735.407052 9b84eedde651b0df0fd6bc0e8063fc66b3ba5a042f8f04e4e9eb83c54627bf97 88
1643862736.4811478 1643862736.4808307 b26dcefd3ce3b4b418f4f8589d098c50cf672ff50c3b340a0dc9f43ac46beae6 89
1643862736.518436 1643862736.518163 cee0299812987d99437c0146de50c1c73f72a300c3392f249a4053be158a26db 88
1643862736.5662777 1643862736.5659816 7b383209834a77eb767227912f9feccfc39865246b362a1da8cec5d2ddabeb38 89
1643862736.7216225 1643862736.7213538 97822c3a2ed928bc15b0dae169a08c296d2a1da717c54005dbd83bb3b63ad7df 89
1643862736.8142595 1643862736.814012 f357e2736b70b13e468616abd403bbf0e92e871605bbd997f5a724202ff224f9 88
1643862736.87811 1643862736.8778682 b0b2f095a0c12540196b577409eb698ed7c276d5db7a188310be904595ae1d9e 89
1643862736.9067063 1643862736.906475 de561936132d9f4c9281df4c77f297f1672ed5c03045c30ca9e654932bde0831 88
1643862736.909933 1643862736.9097729 e8be833574e9ffc7a03a55ff47e8ab3f41cd07317aa04bd3b3c4c41bae432571 89
1643862737.521364 1643862737.5210664 1fbe8f11864cf9642986533086a701bb325596994fb950defa886087268f4218 89
1643862737.707282 1643862737.707007 cb10eb986f09fb57a5c7fd9ca0c6a56c40da679127dbeb1baf1d34b17e9a57c7 88
1643862738.1896634 1643862738.1893957 b5ceb961d3a8accd24a17886b265f1eb91f49d7fd57cf9a3deb0c9ef75f04407 89
1643862738.3129785 1643862738.3126068 18f566a9c8bd219c383a61e7c65666ac5d073c975bb7e37cad93398d04ea9e12 89
1643862738.5297945 1643862738.5295033 07158cf321b48c5d79f5d6bbcd6cdacc576cc650e53d70197e92b9bc37cc1136 89
1643862738.6925163 1643862738.692196 a4b5387b595fe1e71d0d1fb358cf9d35bd056a37b6d3bb1d54b69ce882a003dd 88
1643862738.7412062 1643862738.7409399 bc72c532f865299fcf64073ceaa4aeec97b1f2e80447147b844cfba3936862a8 89
1643862739.0512156 1643862739.050898 f96ea93704eb36ab11284d2b9b48730a2d0eb371f72e2f4a421aac37cf1484ac 88
1643862739.654968 1643862739.6546977 c9fe137884158f4ab5b717aae714d310e31af36e4877d22ef937b3b914fa6fb5 89
1643862739.8191087 1643862739.8188407 c7f38e026f61b5efe4a4a89b86b6ac0430e3c0cea63ed76bc4afd677d162caf5 89
1643862739.9884744 1643862739.988187 f3071483e87af5469a0aaea0358b0ec40d6e06f48effea9738f2c68e21157e20 88
1643862740.0651085 1643862740.0648026 1aad7f576f82b6abe00a958314ad6f1e03622774ad92e420eb3360e4fbc0b4c0 89
1643862740.283142 1643862740.282866 dc1c309f9c6c322ee1db4a4ac4276b6194eddca12aa4a66aa96fb3b91a0e30d0 88
1643862740.2945232 1643862740.2943103 14f9315e20affaa9fed2ee0771a1d5c11de977ada967f87b6f962a8aafa86a9b 89
1643862740.851596 1643862740.851317 49f3601d172e88a7a81bfa852bf736eb2483425127d57c5d753070edf916c92d 88
1643862740.8953433 1643862740.895045 ef1439fdc727796959cced755a0ae21b2822bcd974d32bfc32c54b30a7acf80f 88
1643862741.056717 1643862741.0564384 da3cc26ee12f79a5cb09bee0fe7a169085f057911b3774259661ff7cb4f949f1 89
1643862741.4771597 1643862741.476858 5f3b621dca362e51bafa132fbba9f8b982e8a3e94728208fa375e21914008482 88
1643862741.630009 1643862741.6297636 0496c00749d7790ec83afcedf520258b9f4e67a3abbee758a906d92ba6182295 89
1643862741.7644737 1643862741.75731 f6ca8c3527073be5cc5df49d5dc4bc14869d8eb527c4fc53213420036798690c 87
1643862742.5438187 1643862742.543485 562034fe68091d674edafe82468a6f864c77b155f1b184ca7d93d45727af7ff2 88
1643862742.5599837 1643862742.5597668 8eac52a0e991ce1c3a0bdc96249c40d0157f2de0239b584546b908bb389c7cd3 89
1643862743.0175962 1643862743.0172975 996888f1c1d4fcd4c2c847c38836dd4306df391b11aaf8fd57d591cb58b590e4 89
1643862743.146204 1643862743.1459353 86867d0952c5a96152ac3a8d82d0a08fdc185d98a2d5d7e354ce1daebe401675 89
1643862743.5186238 1643862743.5183368 a4b382dcebaf5d1970d35b3e109e5054ca83335c20a228e718bb67c7ac301c58 89
1643862744.0126877 1643862744.0123158 a64b0818974d69f7a5f905108fc70cbb555b9c93db0cae018bb8c838793ccf9c 89
1643862744.3319972 1643862744.3316839 c724af1dca0ed2d7ca9b366e20d5dc9e2a2b95d16267411172651a269bd875bc 89
1643862744.452851 1643862744.452566 d5c9991d05d9b24213c566c805adf60f8ab8627153962339a2a9779e987dfaaf 88
1643862744.4754488 1643862744.4752212 05ffacab5b712cbc56dcbc4301c57613d3b8fd894b905ce5e91cb34e4d495ce6 89
1643862745.30627 1643862745.3059955 2f61f747e2b24005c198e3c39feca59b26cbdae36d6479fdeb5ed1ae811cbd46 89
1643862745.3216813 1643862745.3214192 cf5ccf2611f3d49f507fd6cceec08ee533543980e37a0d24ccf10a399f86f2a8 89
1643862745.5120847 1643862745.5117447 9fce99d6d7d6967b7faaa187ecd91ddbc677b2a3a30d019321696a7df4eb6bf7 89
1643862745.599604 1643862745.5993083 f689862fcadb56a2f9b525af3d30a8e5f5e13acc7e6bcf2cf337414526dbf19e 89
1643862745.7041166 1643862745.7038164 09bffd35429a1a3e8fa06427df3eacca771e916bbe8dd433477908839fe7040b 89
1643862745.7387602 1643862745.7385054 0bd2b0e18ead96e02100b7d20c8844cb5717d48bf9b7e0a7940d23aa2ef7a0cc 89
1643862745.7391136 1643862745.738964 01be278df027b8998082621bea6c0c08d83e147e757d0b08e14342ea24b3113e 88
1643862745.9677422 1643862745.9674258 3954b46f27ec9948224769390c7bfe25ba09f6ccb5e0042a2de428a67da093fb 89
1643862746.0626693 1643862746.0624316 d614f8749acefa7defe0c1e3c7941af5cc001f4353da87c291e07e5e8729341f 89
1643862746.0787704 1643862746.078568 7f939836e912105d50da3e296177d098b1b7c6fa93208bc46adc2c20c78698cb 88
1643862746.2400744 1643862746.2398052 8dc4b7556ff2affb43050ca2ee7a4866ed4c50240c39daf5732e1ac1fd8229d5 89
1643862746.4836314 1643862746.4833827 945858a31ee7becddea78dabb28edfd0d8f3c676766ddea404360307f3db2bc6 89
1643862747.3835921 1643862747.3832746 012ea5ceeac31d1c7f78930dbb1e2d85c3f67c5d257779b0fe334a53842b7d56 89
1643862747.9931042 1643862747.9927654 37cd3fc8e858ea6c3b0f3e1628f31c2d19e242cf7d29e78f2a0162c56e54bee9 89
1643862748.060138 1643862748.0598607 9583552e2b994116366a08e127e26bee6dfa97b2d475e14bf03d1ae56763a01f 89
1643862748.2818944 1643862748.2816179 6e4a655c7c02c95a955704ca364a72d901250f50735c0f75a1be7cca4f1d34b1 89
1643862748.2916582 1643862748.291469 8a85f90bf2ddb89866c741b33b9d1f9471ea314d196b54433f19773ec2d0a256 88
1643862748.3949556 1643862748.3946323 e1121d2bac491df8b4b962a9d1b538174a30eb0f971c2e22a215394ac55dcea4 89
1643862748.6278543 1643862748.627571 702051410771b58aa66b6d1f2691e7d3f37ee56c4f1cdeeee0f426ef859fb8ab 88
1643862748.6688662 1643862748.6686172 5cc13fdbb7afceb2a65c311620294872380362ad78d36d1561948fb4f31338b3 89
1643862748.81354 1643862748.8131874 ff3d1fbace2c3673079c57a079e52e300b3a1340762d00cb00382ef3c0dfbbbf 89
1643862749.1845784 1643862749.1842897 a439a23d07cb40da6876ef33d2f47fea50587fb026a69edbe9ee0046c4887e97 89
1643862749.2200048 1643862749.2197344 0624c6a21ed536f07912da35b5184d60edbba99de570a488240ecd5c7bd1cee6 89
1643862749.3957827 1643862749.3954742 86a696adcc3cc8cea15763786da4a282c28d3287c624311f1a5d16295213d638 89
1643862749.6408477 1643862749.6405244 9d71138eb9477865eb48e39a3aea2afafa3ee201cafc8b6334a0b6b9d8c04706 89
1643862750.1163971 1643862750.116069 6b38a2def0a72e2edf54a2f44b2c6cef6ae6dc1ee4e0fc260750df7adc1f7b2d 88
1643862750.4001348 1643862750.39983 21a69ab6bac8cbadd34299d098e1819d1b097c4f752aba08ef5de9d07489f1de 87
1643862750.4651175 1643862750.4648395 bd04a0ff4161051fda3db0fc318166cb27f6b3964c0cead01e36d3224f4a771b 89
1643862750.7573757 1643862750.7570415 b95d0d07478334298f88cb8aa33494daaf341a779118368461764906bef35027 89
1643862750.8709571 1643862750.8707147 18a6eed6c9b302fd527d50d2183701c9c565eaad524e630f79a5f69ab905fe9b 89
1643862751.0971262 1643862751.0968015 6f0ff8fa66a39303bec10856a68eeea2115bfe590ba2a96cbc0327ad2a589fdb 89
1643862751.3096957 1643862751.309411 244aae0c8070477d7e3974f1e76f3e13f2e291b53b084d22b4a24d9e7f16a511 88
1643862751.400906 1643862751.4006102 1a279497a5a5b271606cf55c4064dadf5033d2206b4fdb24dafbdb2989c77a02 89
1643862751.516433 1643862751.5161545 2e29d2a6e8cfed9cd98779d3c968dd489b41b35a1c22ce4641174dd5eebc2734 89
1643862751.7500288 1643862751.7496881 ffaaf02d51be8ce76fcafd0e13bc3ceece9dd20ba09ed3d0c54de0102c76cb77 89
1643862751.8052487 1643862751.8050053 b4c078e770276cbedc58e34543daa309e71a35bca792ba6c0a73cdf7fdfd99f2 89
1643862751.89671 1643862751.8964605 97580b52b2ce3fa04a5f13ef720fd3ee0f462ecdeb43ebca7efc15edee1e0a79 89
1643862751.9506764 1643862751.9504023 c6d8665f5e4d96d0d68e9fffc98dd1294b70aef713832584b0c0c8a92d19beb3 89
1643862751.9894488 1643862751.9892263 51efc1bc89056eb2ca36b895211895aac5552a615ac17230ac978ea93566c347 89
1643862752.0766594 1643862752.0763462 85c78fd14fa063c1fe0cb55f69fafe68b2f0c7ade355816067ed28dd72d78a03 89
1643862752.169663 1643862752.1693869 e00ccf0e1a0d452d2a2fd4aa26c8d7d8b6c283ca72e11f662169498163c4a8d6 89
1643862752.2016995 1643862752.2014697 f27db59ad7a6d74f1c46982bce2d7863ceb113be4defc6e257ab7122928128f7 89
1643862752.3129616 1643862752.312654 b9d430c20f0fc4b254d7ab5cc5f5397803245e311e70ea9489b50c10453f397a 88
1643862752.3857348 1643862752.3854241 f5779aa0c319054bd5b3507056462dcc122bc220fbc39a25600bfe04777c0297 89
1643862752.8139737 1643862752.813647 8fc4e4596bef5b3a276c4b2e2cc8ba0fe7e1c9fdb7f1722fb3502ec1d422b442 88
1643862753.337139 1643862753.3368025 d17ae9169211d9232e37778bb3630ce49391f34cb659d43d86bb7efb5912b66e 89
1643862753.4922154 1643862753.491964 0b76f2d11faaeb4f50cdfce7322f7b2d313dc8e617b862eeb4469388713f3cca 88
1643862753.5253186 1643862753.5250587 2a511cfac5d3952adb1c7881db9ff893640c21e9b295fd9386dea2142dc4ae4b 89
1643862754.046605 1643862754.046329 467daaa8456872005dcaedf3064a3117143e47e686f13f8465a09bc073618227 88
1643862754.2179008 1643862754.217633 adccbbd08f645098332c08829ed51eec35997cee86a0231c68edf78668416e18 88
1643862754.5747917 1643862754.5744748 2d40ed97b66361fcc8b10617fbd60424e131dd758d4268f1bc70821b612cdd13 89
1643862754.7413616 1643862754.7410748 3933a91696d2ff2734fa058e7691e1925460b047c06b3854feddbf3723cf304b 89
1643862755.1367946 1643862755.136503 6f36f775e2b7a760bfaf480877c8f7a98d9559314435c9244b5e56c01936d12f 88
1643862755.2220466 1643862755.2217515 ffd4c5b14ef85a87cee3bf4cad254934b0e14cff51a1d47d3aafc11452b2d619 89
1643862755.3860505 1643862755.3857512 0f8423708a3d555164966ecba947379d09f7eb93d626dc1de7b650e2fb877a85 89
1643862756.1466973 1643862756.1464045 51e60f306f82cc08fd0bfd363cbed7798827dba6b2b93967ddea9687c10296c6 89
1643862756.1617074 1643862756.161481 e4d53c970c7a2dfa05b8d6f2f5c785b5fe302a088e52385242ab0d586c5b0a50 88
1643862756.170454 1643862756.1702487 21cb7b6332e59adcf7cb4d0feabac8f43068cf26a2a38fa8c981fd2bc378fde6 89
1643862756.287861 1643862756.2875435 ccc24de104b5a2224741d1f51e7898338f6833fe6b0e90cb63f2ab52db5d5e4f 89
1643862756.4152226 1643862756.4149415 80942f84f9d557a558fa42a38f05938ee7789d65aada009f4d6aa99e8e772baf 89
1643862756.5109835 1643862756.5106516 ae3832f3112b360a7f8821a4b81e6266cdfe12fed88a153c53d1f9b3579f0d1e 89
1643862756.8917603 1643862756.8914711 ac223aae5a5c02bfaf6438cb48d063eb57ffe19c7c021e306d57f9817846e1a7 89
1643862757.044987 1643862757.0446699 8e32699b4822aacfc4ecc515e79a6e10dab7d1d02524d28dad3c99cbefd10aae 89
1643862757.1387076 1643862757.138364 8327c3bb6941a9d94feaa1239d6a6009de4a4a5c537db00bb33567f75c470232 88
1643862757.4627438 1643862757.4624417 a1314f5c70405ad2bbfcfa5e7f1581d46528d189470be55b9963ee29cdd91c99 89
1643862757.5556004 1643862757.5553086 91a4146ecfc181402042a6054b9ffabb053e28712271209dd6627aeffc434892 89
1643862758.23923 1643862758.2389896 e5a5c898be1e74e3a54272c7f96e6f174d83bbc15cb6abccbe56c6a1c1c9f025 89
1643862758.328922 1643862758.3286772 b6ee416d9d16fc2245fb7d0b55b6988de2816e29b220963a3bd6d8f5a97b357f 89
1643862758.378961 1643862758.3787248 d60265e460d9e5e9eb8ed0c9e8c1d39443345bf379a0a8fe9be47f60aade012c 89
1643862758.41141 1643862758.411198 a39b25919bd2e9738538dcd45f0c456b8bcec2540d8d8f6310a34d5411dcf42c 88
1643862758.424806 1643862758.424624 748f1acde9dbd47415aa0c5ca84816c1e323398d555ec82d127c3bd72c619b2b 88
1643862758.6497707 1643862758.649516 feacc8ced446e78cd948fb91f1677e4fec37c471ef39f3e749117957070933d2 88
1643862758.6966727 1643862758.6964393 b0758aec8509e233bb76d93f1438d11ad95e62394c0a5b197674c909f0631f30 89
1643862758.7104356 1643862758.7102132 f489c97c65e42c27498db2193ea834df010c993823e650f6d008d36313ed24fb 89
1643862758.9972863 1643862758.9970295 e9d1199bef845d623e4eac876dc024a0bd3a817bed9abc8fa1cfb679a2f30553 89
1643862759.5611725 1643862759.5608885 43996a18dc5a9bcd25bcd1831fc0960ada99e96c780fe4b6227a04b4b9045a7d 89
1643862759.5770073 1643862759.576792 3936e27672f266e99c3e1f5e72cf60bd52ede23729adbb36a59610561605ebb1 88
1643862759.5957725 1643862759.5955737 f36ffb548ef974b5b6bed0796a3afc736b42918570afc5412bebf4955458dbe0 89
1643862759.756383 1643862759.7561233 e0e952af8cec829f1d4d1eca7f74c746b8b09774ae880402f031132361a6a856 89
1643862760.0118124 1643862760.011559 4cb38c951facb19f991a120e6e92ccc6341283c5764944be53faecdf0e025b96 88
1643862760.184233 1643862760.1839182 b38b854a687e8fa2f5307b5e30834d5c7cebcb79846dc8fb63ca7fc10c2d71af 89
1643862760.1998034 1643862760.1995704 9365bf2bade60222fa3d357a036b1c4fdb8af112edc4ed058660180279ddce06 89
1643862760.2821777 1643862760.2818737 a48927be3226beccff6bf9501a040e9a4d3ecdd2e7e4841b31956aed095ac396 89
1643862760.3225992 1643862760.3223102 dd84a4a1be5aa3d22987ee27542a84714f62e6f120198795ff382697d8896a7c 89
1643862760.4353864 1643862760.4351223 8ed57bf26cbd5627855a345cb71ba8ccd51c15d788e5c28dcc365c96bafdbfa8 89
1643862760.5676353 1643862760.567355 c70952dc03d2cf70951327fd883563bf2e78b84ab03234cb9dfd007b0dbd3f39 88
1643862760.911701 1643862760.9114118 890edaa263fa8c4248915c528393b9410275ecd99d686f0de086779ba7644ba6 89
1643862760.9838147 1643862760.9835498 586b2e6554587832196d2df1a35cf330d9e4f1f0163f11c6b1bfaccc23f07f24 89
1643862761.1608343 1643862761.1605644 d63ba4954c2ffb3a42d896ab4d231abc57f8f4ab5b05c8a08f079384af978e8d 89
1643862761.356242 1643862761.355999 eaa4d47f05a087a85d28c27e563d373a897e8a56ea8d08bb503d8a0d0f76249f 88
1643862761.3706708 1643862761.3704348 78d21e3fd3358c8e409d3eb49ea891dbe97fbc7fcc8caa5e3f0be2531ba0c954 89
1643862761.3724985 1643862761.3723803 c41d897ac24dc7f2d7dcfa4114cbfff7b43eada888750171b9608f029d8dd4d7 89
1643862761.6125646 1643862761.6122396 7b14af5aed33a0a2b8d89c89a23d48084420e3f413a02546596bfc93f9ed265d 89
1643862761.87396 1643862761.873618 83ff51233885d5de2c1a3ec32b685a16a4cf2e482957a6034e77b1733468916c 88
1643862761.9829822 1643862761.9826794 53b180389d54869b36fbbb91ee31723f09361082e96945de0f2411d8692e8b1c 89
1643862762.1247857 1643862762.1245275 b3dd8a4fd99985e62c47cf1ac2002e05ef4f24111a35cf2b98feda166a204044 89
1643862763.4108837 1643862763.410576 8177f046dc9ff2a9ceb70abbad4dc3f55c46848dda3d5d229b58f3a41f556d36 88
1643862763.849611 1643862763.849349 01aacd3a1a070af37d61a3b78dcacdd3ea3f83b1f71b9b02e9100f80ee88e0d3 88
1643862764.4240546 1643862764.4237723 471296b667d78baa7d3294b974225356a9162bb73279081de2ec6942ce5db513 89
1643862764.5838025 1643862764.5834908 e0d8ebb553f81bf8dfaabc0f094bf57929bed350a8c6e43f4a92972c437ea40d 89
1643862765.361978 1643862765.3616455 572a0cb766cdc6eb6405e0b3e645169d35b06c1a1f08ad87e86b74a8c98f5c95 89
1643862765.5366783 1643862765.5363555 c6a2ecaa644871a05afcd64b4b76a4e874e2d2e58045e12c8353b92a10a520c9 89
1643862765.647999 1643862765.6477063 ec839a3969926043099482b74ed7bdf1c6e0d44bca4354c4735b1110ca67d94a 89
1643862765.7148733 1643862765.714607 71cc99d949651cec4db31cc571e6fedede0e788c351254e8aaf0e1bffade42b6 88
1643862765.9436364 1643862765.943397 7e632ac30d72fd8f682f89c13b359e1f964065feea2913d2ee131c1874b7a8a7 88
1643862766.3136842 1643862766.3133762 485c627cb9189866d0a8489bb36bcfefa81bd7fda5fabfb783248e56cc7ddff4 89
1643862766.620214 1643862766.6199324 f170996e7deeb108ec8d80f9490aa68721fb914491cac3570625cb23fb5373e0 89
1643862766.728948 1643862766.7286184 0e8c27afcabe06fdb5dd6181a00b7b700ed5fda3c13b552d160be49a48b3f643 89
1643862766.7904303 1643862766.7901502 72080dd99325a923d1e73b0b27f5df34f34e0da463e9a38bf70393fd0f0aef66 89
1643862766.9368773 1643862766.936571 cd800f020d6007c67b5a3d8e9da7289f611fc4bcae8a3f2a31ecd3c0a989b4be 88
1643862767.0665956 1643862767.0663393 196600a3ed175d799f2543a53134865e36c3ac0da9d652ea1ae18447b3481375 89
1643862767.6346645 1643862767.6344082 cd9b3f658138237d6ffe9ca89115a2ff08a8cb96de203614af579a1c4e4c1279 89
1643862767.6966069 1643862767.6963859 202b7a57896c6561fe641c50b6cb3fea79d1109f23f213511c51081bb96bdb25 89
1643862767.7710254 1643862767.7707534 a62e00c8b4a1a95127654f37e42f6c85af17f78646a3c9fe8d0d5698d3aca246 89
1643862767.9994004 1643862767.9991236 4d548434c5f95c8ae8bfc75898d3ebac814bd948dd5e9072c9a7a760db9f1d30 89
1643862768.194065 1643862768.1937943 9580b737958025efcdfbc37af0714b7b1000cd0333ccddbcd5f02118c421eab3 89
1643862768.2208252 1643862768.2205925 b80407ef339cd63200f1e5d602c0aefa294f03349bbca0fff40588d51a0a1ac1 89
1643862768.2750854 1643862768.274848 4aec2b34393723a7d1c51dd811f91a71d3da14b8e2dba248453231b6d4142f5b 88
1643862768.3954434 1643862768.395157 ebaf07076de027de0429c42e52cd324005a841b5ded28f80f363d4369b8c9cff 88
1643862768.7823462 1643862768.7820263 641c0f08491e802de31016b9fb7e19e2c9d95e8758622b2757d99d858522b8e7 89
1643862769.4820123 1643862769.4817111 812667854c5e083504138a3038a6b17d348048828f87da478383f54e071c3475 89
1643862769.8058558 1643862769.805512 70f0aec7b5bcc3a117213adaab1185c1a0f28011cc5cd8e8e511623c9b3b614a 88
1643862769.9247663 1643862769.9244947 ce8a6c98a1b8a16253cc597bb29b5514e6d02a3f39adef515e90ecd350304018 89
1643862770.6374965 1643862770.637194 657fc0f270ffbd14dbb50955e0cca311b1e6a07338821b450a925783fe1ff944 88
1643862771.6027453 1643862771.6024776 fe6c24ee7474f07a0ae378a40674ca90119be85314d5adbf81a25adac021c753 89
1643862771.6337256 1643862771.6334875 9f7651471d84a3b274465e85b3cf8f715e7fe29f7ff68aa65e9e7d354d93966f 89
1643862772.0470154 1643862772.0467308 7cab01487cf00aed8de70178d1694da1e9f6c285f4e45abee0e4d3fdb3f226a2 89
1643862772.1328654 1643862772.1326215 2cc81f5ccfe5df114a0730b4e81e805d1d0ea73deb4e39611a579455f4747995 89
1643862772.3131647 1643862772.3128877 f1063d58e26bcd02bbf7bf3912c85301fca93c38ae2ac966e806f7a25842813c 89
1643862772.3440244 1643862772.343801 78cc2762a033b1c6dbb7c8eaed15a18fc0f10bc80fbb3532794421fd5fdc2b91 88
1643862772.6687243 1643862772.6684322 c0bffb7197847a042e9fbb287870cbb15ba31267493c95dcf2f52e03eae9628e 89
1643862772.7476852 1643862772.7474334 90e9dd42819f3282f4185e8267e80a455d557e94deaa3113e9c66f53c8139ab9 89
1643862772.8671615 1643862772.866815 9c73a655ec82626fd90faf8b76b7eb3b1d767f2f392ff327d7e4269ef896041a 88
1643862773.133092 1643862773.1328266 d3d4d84a1399033d79af1a17dd1070d7ea11e4e2ed2e8cd4bad9f82cd948a60e 89
1643862773.5596244 1643862773.5592802 86b86f69787854d2db29546e1a09ac7c65ac9905ef1753170ed9ed62e7fdf5db 89
1643862773.6583405 1643862773.6580288 da55469b2dcde6f80644776af846f4184a6f5515f8efb969af3b5245f9ddd13d 89
1643862774.1486394 1643862774.1483254 de58262d0e54c000ea947315d04b0ce429bcc1ed154af448a6b74dad977009be 89
1643862774.198933 1643862774.1986299 877800063aea57357afadfe8eb8af7e5cafa80f3c9813d18dd9e354ddef846b8 89
1643862774.27605 1643862774.275713 013ac167772161b796c1367217507dbc4d5ebf696faa219f79c771ef40f4c2d5 88
1643862774.3054657 1643862774.3052137 0acc5d6d98536a81abcf26d3856c0c62961d39d56380a4375991533418a054d2 89
1643862774.3577065 1643862774.3573713 61b07b9762f93548a2c528dbd1710e160bfe834843974d4f4d9aa624818e01f5 89
1643862774.5074923 1643862774.5072274 4f7ae0e03fe0214846686fd96a388f5c7ca48a51fa282498d00aef1fb8eeaf4c 89
1643862774.9118803 1643862774.9115896 6fb75fbaac7a34ca0f2d044fac85ea69c06e7d64ec6c1d4bf6f74fb8d15bc3df 89
1643862774.9879558 1643862774.9876628 1304444d669bc30f9612697280877a9c3453dcaa2dbadbe3a3263fb522237032 89
1643862775.1284904 1643862775.1281934 f78b3894dfd6f69ae25e0f01e0a5d3424938e8be1299a7aef6528eba941fe8b1 89
1643862775.186215 1643862775.1858704 9475a934423e759e0e94e362a4ab659fb3951933a20ea9245679f42a95f45f84 89
1643862775.3639977 1643862775.363747 89aacea4d95dcdf10bca551b1bc5079ef979f2618a091fb3e00fbb3cd3ecbf46 88
1643862775.4524915 1643862775.4522173 670c5d3c50909d30d236f9b7f6c5343d674db02e55e3f98aabd69835f178c9f5 89
1643862775.512207 1643862775.511957 79f319abbad0dd87d49f73911117a05395c1746b2fb0a78ca49a7221c4cec95f 88
1643862775.7532964 1643862775.752957 999b3d61fd2f32fa0eacde8dfbe03c2dda662d8182244170dc3c98b1bdd13c1b 88
1643862776.179132 1643862776.1788116 eb60d65b439102a8793415b7b34f039d1b85f6963a499915780d2b601d29edec 89
1643862776.3875763 1643862776.3873074 41a266774aac5193e56c7d144eca8c084ba79b0e18ec9f58be50ee15e76a41c7 89
1643862777.0857775 1643862777.0854688 430b66f43247bc630d17b4a9fd24e19d27c307e75ed230b062ff5f77cb7a03fe 89
1643862777.0910435 1643862777.0908244 5bdb83010c75a20ca98669d32ea0f876c871d89ca148da2a6d96e20450ff1eee 89
1643862777.1792195 1643862777.178932 6bf39627b28d9ef96a1cdaa092bb8f0b630930948598aae60e6acd0d16ba0055 88
1643862777.2681956 1643862777.267918 3f52256c8146c5296c1e40f74528e08f18bec45e123311803d9d500277a5ed74 88
1643862777.2959406 1643862777.2956672 f83e3cbfe26c4512a7f89818a78baaae1a703fbe95e7216c53b057879bcf4443 89
1643862778.0642514 1643862778.063978 5eb7713d250fd9752ea3e4c3c118469d8c0a7a455bbee864971f4c82108bc385 88
1643862778.172746 1643862778.172467 945f898df9ca6c6ec77d7b3888bdc1c1b71420ac2efb3e97ffe84dc137d8fef3 88
1643862778.2935135 1643862778.2932334 8c34cfc14e09cd0d6a08907747841ef0842dc2dda4b6139f0b03c926f1f51297 89
1643862778.3549721 1643862778.3546534 ff4febf89f69142957bcec841b8ff8ce01ab1d590b9561a6177daef8dddfd03a 89
1643862778.4449732 1643862778.4446664 ebd78967011a90e3930efc48d3c72c3ffd746103914299a3ca0f09c90f0ce782 89
1643862778.548023 1643862778.5477104 d1b9b39eba4688ef24ce21a26d33d33137ebbfe10a21518507160dce727fcb92 89
1643862778.5802422 1643862778.5799804 228e7f3e1fc173cfccd725a5459d0228b1e7f5b88cf821e40cb418d388d0fb7b 89
1643862778.5933204 1643862778.593088 e20e82aad5aaac31f6190c726a201217a0c4fa02520b924fa236c26a60905fe0 88
1643862778.759359 1643862778.7590733 9b9126750c78636f74e730b0d0b70ad8fe7107ce5f571905064e2604808994cc 89
1643862778.7660458 1643862778.7653158 871a1f02731d6dc600fb69efed4f7b0593043fcf04b06285142b22b3deb2b75f 89
1643862779.2154706 1643862779.2151692 1822c166865e5fdc9e19dd055ecba7cd76b9177b5cca008e2d43199bc09675f2 89
1643862779.3871422 1643862779.3867917 6d96b7fb1c7a31ac76e2969c5ad084bad477ee66d94848e0ec8edeb505960009 89
1643862779.8244135 1643862779.824145 81de190960925f98474ec67df6b5a08bf685ef7cf17008954cc04c80d5d5f91c 88
1643862780.3745975 1643862780.3742578 1b57d0fe817e61289b8daba717c121e8af6ac4c57eb5d37db7af0396e76dd7ed 89
1643862780.6405363 1643862780.6401947 d2957a5f21a82e2e3b4001df7d0b3a9119a8883bda13072832abdb4d11bcfd02 89
1643862780.6902394 1643862780.6899712 3c456ff63798338f74bd819f0a6d3b0f1629ed61e87cc650a3dc869e42797f22 89
1643862781.2331243 1643862781.2328362 2fa4f1be41b05986879e9fa1348c8790226af7bfb7392707c60413d4f9921e6e 89
1643862781.3405132 1643862781.340261 a0740d32630c67ed545fcc20e19ca67fe8f11599421d9bc53b016ca962a86896 88
1643862781.6599817 1643862781.6597102 e0ad861a7fe642f366297109b8c38999496614b5c2add4d4ce4d0b2a6507cf49 89
1643862781.977245 1643862781.9735956 0bfae9c2c4a7e47046afab923b235c8ae7c64067aa3743842ad4549a8499ffe2 89
1643862782.1115491 1643862782.1110742 4c015a60746c5dccf35305f15f6b045f455230d28a0594a0638c949a24ee5f91 89
1643862782.8160944 1643862782.815789 4d1d0ee4cb44090fdb6fb27ed6cd82b5862d7aca70129e861e98f4fab13df2cf 88
1643862782.8732092 1643862782.872934 3e45b2be70dda2855397d2bae09636e4edf1db5b478178d71ef1920a8b4bd1dd 88
1643862783.0881286 1643862783.0878267 235af718d1fac8b5467533b75f9f24e44fc5fce7d128d3ed8378cdf056c48fcd 89
1643862783.3698997 1643862783.3695304 b7ea4fc47975df5cb8b0a38f0fde3539e15a79787a529c1e63f23db05552de4f 89
1643862783.8458874 1643862783.8456204 ca4834946fb0243adee57d4b9fd24efd0e39444b5d041ff1c783359be36450e7 89
1643862783.9819741 1643862783.9817286 7b4d6da6ff6bb03af7a53b54134e9947bcb9026b0672291a441febdd8b066208 89
1643862784.2519767 1643862784.2516994 51dea00045dee36824c4dcc4b94326eb2786156ec6d8bfa6d7b60192ceccd448 89
1643862784.4647963 1643862784.4645226 3b598005fb1af65a538e210ff9d8fe6fa30f9cdd80f6d6fa8b8c8d7c45e68064 89
1643862784.4827023 1643862784.4824593 da3cdf2bb60eff74597ece674b3a626ce7ebbbff3a0b7583686a6aaf2354caf6 89
1643862784.6262567 1643862784.6259842 cf0c039c1083540675c0d656c49791749cf9fae66eb907ca4a31602cebe5d398 89
1643862784.7463048 1643862784.746043 0b0f3bec473093525aba015b7599361c8189942a09bbad3d8ce2c866d86801ff 88
1643862784.7989106 1643862784.7986557 72da89eca92f0a855fa38dd31f2b2087e369187c6d83049d7ec53c8b46334caf 89
1643862785.0522847 1643862785.0519943 c22b7029103710f517d94d7d0bc4177ccb0428360897bbe554d3f0071224d59d 89
1643862785.4102056 1643862785.409893 b8849b0e5cd4071f91546c24bd7ff2068216f3defe0fdc3f6f5e2c3d57172d4f 88
1643862785.64164 1643862785.641339 10ef47f530b8c9d3aa2c31b9b96341bfc08fcd19f99c13b7f4b9e128f9c9b680 88
1643862786.3192444 1643862786.3189695 61c3208368b959bab1acd4f4d260b4462ff5fb167e5c6ed984a6758a769d048f 89
1643862786.3379042 1643862786.3377163 29f9148b411b42ab136d0eb61daac859c161554aab96c01bae4b5fb22c494157 89
1643862786.3570194 1643862786.3568056 45622068b04100f8d714e87d6f3f7bc6429757e5adca5f68c3721c6ba2ca5faa 89
1643862786.3699167 1643862786.369736 d5a6708987d75dde3a3a6ee86ffe0a89a40f4cd1e320459b54100b15b740d132 88
1643862786.5032258 1643862786.5029554 c4caa5217cf9c9638706e588ee47497df9564a94baf6bb9e37881138b7c7634c 89
1643862786.9285548 1643862786.9283056 2a87ed9ada1b345d8002a792cd911074ab58a48c853d1653546b8609e418f5ba 89
1643862787.0077999 1643862787.0074513 31cbd5960d342b85fb97011f7a74041a5b04214470eefc66c6ddf0315baebbc5 89
1643862787.090152 1643862787.088595 cec4afe96e2318c496384964f8898325e896258c2f6426d2ec3fc70e1bd1183f 88
1643862787.2334774 1643862787.2332034 836e628be81c3255cf469d6add55af6ddd20aaf0eebfb77f34df23cea90bed54 89
1643862787.3216593 1643862787.3209872 7256f1b8c2aa6b3822e6dc2d32efa611d62e45260c1557b76f94e7b6fadc2d1b 89
1643862787.6987011 1643862787.6983943 927a06c1aabf9633a8429362ac791f6e2d7d71ccac4a9bbcf5669e8f647c362e 89
1643862787.8010054 1643862787.800769 f3ffc42341c2531a0deb0d95ff2ad05be64e1d4acebbcc39e2f97c782d104976 88
1643862787.9113631 1643862787.9111037 3d0b3ed002f12e63ee5b2ea08146ee44983608b78dda6bad1a7b940afb7d1852 89
1643862788.6291301 1643862788.628837 90878e5a48074396949475c977cb4184b097aa0b46f766f42440e653748c3da3 88
1643862788.7319508 1643862788.7316191 d742d43b7202dd2e09363e2d24e7ee581ea09f6b3de0e86a24fe1215346523cc 89
1643862788.9660378 1643862788.9657497 0a23a129cddea3273bae98d4222b5b28c12ccff5cea5403b271bdbb40d5677e4 89
1643862789.0329416 1643862789.0326385 1142d0ec1dabbdfa3f9b0d533c81accee68713ac48ea095f0c9191fea10eda32 89
1643862789.0416706 1643862789.041464 f6c0150ef0dde5acecab881ce1fe04123b914ef56607637009720b0312889f12 88
1643862789.1467652 1643862789.1464927 8654d8cf9b2b684b36a9a26ea0e4006daeadbc81f035dc40558cfac7180014f1 89
1643862789.4447038 1643862789.4444335 6994653e78be62b6db40b3187f42e9ca2ba275507ca538c5af31393ff04e6ab0 89
1643862789.559722 1643862789.5594013 b0c6d4fbb8a7a31225338b47068074c2d6de1ec04fef0c83bd94953d1f22ba38 89
1643862789.6775124 1643862789.677211 29b6066df18bbf84f73fdf4a3435ed283d87ca759b30f82850385a9e6302e578 88
1643862789.687798 1643862789.687595 2afd0b3aad3b66386f37b31d8d4d821ffac210ebc4f7c9c12bf3f9838b7680e7 88
1643862789.7151818 1643862789.714938 9ede82cc6451bd0d86df7fe99568cc0c8c215e15d462bfc2fbf909b720adc77b 88
1643862789.7970183 1643862789.7967513 ae5f1dedad893e341e0dc5f4107d18b0b18bdc6d9bd9df473562e978ff496e90 89
1643862789.9327116 1643862789.9323845 36a8b27aa1c8bbf741efcf94256c87c33c6596a91f1b40852afb0c338673d469 89
1643862790.0991738 1643862790.098853 4b234f746cdd153afea7fb9ad72c0d3302b8dc1dfae12df5baa6ec27b4675c1f 88
1643862790.1118588 1643862790.1116621 d2ac8832c292708d77d36773e0b3ab1fbf6864b00726c36831e8fca91a8777d2 89
1643862790.114991 1643862790.1148562 a9669725c1e44471e2313b15e2550b506f62f9918346fd0352ae22075bdf4541 89
1643862790.2205615 1643862790.2202551 fdd3ede6e036ac161e753e65b5cb7cba51724113271c108856b4a81705d60cc1 89
1643862790.3809085 1643862790.3806562 d991beb346add3e37ffa1bfa8e6c2bdd60901742f8b0e2a43f5ee760cd2c59b9 89
1643862790.492533 1643862790.492238 f6acd4afaba91de6dd1a961b0d853c30c3bc1638dfb4cbbcddbc93e1fda5d9d0 88
1643862790.500042 1643862790.499852 1018cf531634a1ae0e19d3d0554ad4d7ff03c9e4363af2e9e5d9b248618ab645 88
1643862790.5440805 1643862790.5437987 82e3dea21da8b24dda7181514e6c526fcd059d6f1c90570d27c4b2565bb5d296 89
1643862790.783086 1643862790.7827654 8692005c9eae42275776ad8f1b9b890d765cee93273f074789b82ad0122bc5f9 89
1643862790.8065298 1643862790.8062415 20650f0740d8b053873329e2cbdbbeb795f0e2fce314f076700cd3001efaa111 89
1643862790.8264077 1643862790.8262124 98ffa5341e40f27ea93c9aea8c04e8bb9cbfe480fe871c4d977549ea91c29e2d 89
1643862790.8826506 1643862790.8824031 ad36d4aed4747423e36ce712af27a57b6ed8f1755428672dd8b03649360bb7ba 89
1643862790.9677713 1643862790.9674895 84412841f3f5783d753473f475c9b2abdc41c7e873268c679876f815d2b3c645 89
1643862791.0477746 1643862791.0474834 b515c7acafedf7d91657cea63aa7e46a622b2f73ef4ec3f208984344e922f616 89
1643862791.0912716 1643862791.0909328 63f1ed3950aaa14a17890c44185530bc5dd7c28b6d65fe8f4521e24133ca7c50 89
1643862791.2073674 1643862791.207064 be6e929a8ab3fac2ebec86375b57e43d206f7875797cb0114ccdc823df71d400 88
1643862791.362446 1643862791.3621938 858dce7373d6782e2280fd66e2c48e3f908cf5cb69374f1c8ae927db1fe1819c 89
1643862791.3986542 1643862791.3984227 02efc628108a070d688f1903dab1d28635e5dc721da4129f0ddbd053dba44bec 89
1643862791.510261 1643862791.5100024 f27e0565f8779a0ccb354acde6006572817cdc720d3725470d676a09eb014456 89
1643862791.5365622 1643862791.5363207 0cb91157219575970e2662ab55232df468c693e99be453b82e2e9c16e6625611 89
1643862791.6534638 1643862791.653202 26768ba2051010d9be2990c3f0e0be2eedb58ed7b2538976e13094352e7e646e 88
1643862791.6646333 1643862791.6644306 80907c6e257e61bd137cd5c868717396b0c8202e5bda1cba381ac6eb7473f7b3 89
1643862792.3124657 1643862792.3121228 23d449b73ce14e63dc71cb2155a4e527238088f5e602786bb1bea6ff6cfbfe3d 89
1643862792.312855 1643862792.3126738 d7d4ea6c29adc5e5499eab5ba4b3c024d7a9a45b0183288830f887d20d118f5b 89
1643862792.3270545 1643862792.3268511 8d27821b1e3397eef0dd80c3c2ffe45560ac1b3d953e4cfabe0a51b69809264a 89
1643862792.4880521 1643862792.4877987 a38e9438a639e8575f9f9312bc7d5a58e74b13e2e45759a0e1cad818339ecd03 89
1643862792.731764 1643862792.7314873 1b1074568381339ace03425c969393f9496c6dd01cb784ae72bc7ad32a85b1fb 89
1643862793.6218202 1643862793.6215413 71506c989a1d4a3bf4d4d0c004f86e7fe6b5b7e40fd8312e608f8d7a4d409405 89
1643862794.0636315 1643862794.0633426 02003d9f25096998a8cebedd7096bc0b175b375ef0e60be69a00b5f7b8086ce6 89
1643862794.1554568 1643862794.1549678 3453a91324b8037d8dea9feed95df45d787eac29ae9f8bc158378bf50140a671 89
1643862794.285444 1643862794.2851973 6abe5c0f0026f8674b28b615fde00ca630099b816fb08a03d5a7d4eeb5887b3d 89
1643862794.4253135 1643862794.4250395 a7f0c47ab5abb132c4a271a6611deffda8f84d4c387f1f43502a50e66f1d7f31 89
1643862794.6753423 1643862794.6750476 1db84a0a157aac01e60fe57339769fbcfb2aaef857d4b08a28b9293da33e60ec 89
1643862794.7086077 1643862794.7083943 2f310e00291e936989190761c4bc1aa59969d04989b19c83f48a375a97343bbe 89
1643862794.8064508 1643862794.8061728 db0519188561f17c2ba59d8d40c6341185805e0f6639cf07640a6bd31647d0eb 89
1643862795.0761266 1643862795.075843 7e99239c794261e5bac6d270b3537a909bc4b3155b037b6b271fbf1c98fee171 88
1643862795.1347687 1643862795.1345344 c11a22397263899afef429c2661bcc40e2040e36f177602f929e1378ad476e5c 89
1643862795.210148 1643862795.2098844 c7fe1876eb3f073fd526ee350f6ca2bd27bbb9c509b3587568157903ba0ed516 89
1643862796.0230305 1643862796.0227542 5900d79224abe01e9980e33c1976c624d7163d0ae60c65c75d63b554ef87aca8 89
1643862796.468045 1643862796.4677835 0000c6286dccf6351018ac74ba60cc5fc3ea9f07ff986939a0d0361d92f10c39 89
1643862796.855039 1643862796.8547413 c775ed5a96f324a8fa6fc998e0eed20117c4809eae106bf171b252bbdb58c2d1 89
1643862796.9067538 1643862796.906443 de44ef04edb089b2c87154082fd3db22e07ae4b665b09f616a30c75da46968cc 88
1643862796.9392958 1643862796.9390473 19fbf4557c5579f6958362e311b847cc29747028c254e36d47748a90a684ec02 89
1643862797.1188316 1643862797.1185145 4eac7bb7ca218347b0f154ee93b506ad3f2b8655bcf3025d6c50dc71606bfcdf 89
1643862797.1203315 1643862797.1201322 a061a29052cd378d921b2a7854634c0dfb449ed3840ec6c6b1dbbe1c2b0a41d2 89
1643862797.1871426 1643862797.186893 a8ac0c95f8e095b72aa83f259c2093127d7d78d4a0246c3d04aa51cf3248634d 88
1643862797.6848204 1643862797.6845672 16940263866dc9f119903fe34e95c9df435b798b6a147b1b11e77c9f6d5279ee 89
1643862797.7524009 1643862797.7520533 31e1d691d961223d3d1954afcb17264761f1caf08526915c01ca67b58a929bbe 89
1643862797.7593505 1643862797.7591667 d39ee62b774e1110185cc55a46f62b59f79b0cf6f85ddaee75cd3f5021c0ea4c 89
1643862797.7793589 1643862797.7791698 3769d763ae1a4ff5eb62bd172e93ed6198219ae7e4dc8f8c16fb3bdfc4b13be9 89
1643862798.6902673 1643862798.6899307 f1966e94a45d21e90c3c51e451ce9f85fddd5cba119e323d220c9e5a076005ce 89
1643862798.7273436 1643862798.72629 cac8466badc8cb1567bc7e3d943eb2e6a34d08dd0963e47b826709b6987042b1 87
1643862798.7276657 1643862798.7264864 cbec7dcbba3000412934352f2b7ce4b3d7f7f799955844bb1890a30f666a151e 89
1643862798.7552037 1643862798.7549586 5ab08e34a71f361eb0955b4de6d93c34f3776a4ba9985e226cb8dfa5facfd96a 89
1643862798.8433025 1643862798.8430188 bf784d03bb5444df463c8618d03127fe33f7a669354a1248008697a7c3e1fd52 89
1643862799.4583237 1643862799.4579942 d9b59cb4675bbfaab51b3ecb1cda2f11890f2cc14ed8d33a4c0492e6407d973f 89
1643862799.5994303 1643862799.599127 2444239b29e222fde0124efb49c79422e05acf6fe6c3bc2450d677578ad43d27 88
1643862799.9328225 1643862799.9325328 7d6d7eb30193846bb47639044607d43a8e899939c2ce8418f6e9e173f7eb5c60 89
1643862799.9334533 1643862799.9332924 e135ad27e526b29e127d0e70e6a57962be199385e8a749a9f8aebf1711ecdd5f 89
1643862800.1972554 1643862800.1969938 0110ab398eee7fa565c646eb91977bb743b3c0055f188a9ffca3fab0c2d1dfee 89
1643862800.3765376 1643862800.3762813 45c38e7fa8c625a38ea560410319275780804b235ce9ab625c3efca48424aaa2 89
1643862800.7640336 1643862800.7637782 0ac2956e34707cf5834bf358c0abfced5c57b38a7676303f951c127b26aa904c 89
1643862800.9535253 1643862800.9531 aa047c4e1bf9468dab565c7b6ad80eb8aca2681cfd2400159bc710a38e27591f 86
1643862801.0154252 1643862801.015175 dfe38b9922d4a413c68b7f1f02e7b09cd34011a5ba15cc171e4222fc734fc2cb 88
1643862801.0760953 1643862801.0757859 f130fd02909210bcf9de1ebf17d714a43bb97cf82eae26fa08c5e2c1bd85b194 89
1643862801.253691 1643862801.2531831 72f360b43cdffbad66acbabb3476758417b389bab5cb49711ecac3d4cddb3ce6 89
1643862801.2665384 1643862801.2663147 965e4778b50974acbf8a3a63c5530a7f4db149a8ab95701bd22b06dabd6a524e 89
1643862801.5722072 1643862801.5718465 eaa7857880ffe83a7844e024bf4b75c5d6f8e2adeedb167517cd88ca31e98ba8 89
1643862801.6749039 1643862801.6745777 e5beb8be2a5ec4b8f29385ce3550441001c147760a0c4ab7e5805cf9c92a3ef8 89
1643862801.681649 1643862801.6814218 baf6e227990cc650e8d4b233571a41bd818a8499fe9e33a96e24419952345786 89
1643862802.5365665 1643862802.536262 66de47b7fd5d59b857e50996f35175659c708d49eeb33eb8e2d2ce982b36e360 88
1643862802.5462976 1643862802.5460968 2f55a6f0c2652dc7754085a5fe14a52b929f1fd8d09b32127372cc86ccaa69d4 89
1643862802.5997903 1643862802.59952 5db4e0b64435c74c0527e6bd0c9fb3014b523998605c61a8168c6cefad8807ac 87
1643862802.670633 1643862802.6703765 be08f1003b768d7c50afc63136b4dbcab2cd4921a0400aed23321359f442ab3f 89
1643862802.9933424 1643862802.9924242 f9e886a8bfc7ef169e0f4bfcf501cbe9e7b64cefb60b5922b82ad70ad67fa30f 89
1643862803.064345 1643862803.0640495 cf7d080e555a71a791bb75cf3b8985e78a58de7b10b4410ff9fcb0b3c102fa3a 89
1643862803.7245767 1643862803.7241735 fe06ea53caa26deb44a814d81c3cc81bb67f014ad07bd987b15233dfa74d2969 89
1643862803.996303 1643862803.9959836 3e6d17726a1eabb0d20354333ea45c1b898bbd23a9ec8dc3ecca53076a115b30 89
1643862804.1417885 1643862804.141532 b61d4c14f88c9365b1a9f8c1e53f3c9455bcc3b565bfd5d4d295fe0d274a5764 88
1643862804.3909717 1643862804.3906605 8cc752f0999c099a9553bf5a3db3a9c0fc0c6bbf48ed658cd0048d989993a459 89
1643862804.86523 1643862804.8648982 4b1c844280c598bcd8eb8769b018b3279ccaa59cb3303267dcac398793a91f92 89
1643862805.013521 1643862805.0131707 8060f51e1f59c48b0a2d10bae110bfc05c211a7ee5379b0689c63f030d1088a3 89
1643862805.395425 1643862805.3950307 db29bf5cf1a7f9ec5b4f967e260495ae0d1145326bdb33f3f558294b1dcd13b4 89
1643862805.470748 1643862805.4704897 271de16a5878ae3d5485f3bc40b3890453dadc71ba23a7a09f3fac041f152af7 89
1643862805.490629 1643862805.49037 5ae97fb5f9de54a7de0b55fb38b649d6aa325c52997761f635afd0c2c0d13962 87
1643862805.5108602 1643862805.510617 99f16abc5b3d106dd02a74bf42545ec7507f3c946b49c374c3787bf6207d6bc8 88
1643862805.5364654 1643862805.5362182 c3ea33001f69792dabbeaaf9f15e81995d92d17cdf202226a706c27cfe3571f3 89
1643862805.6905546 1643862805.690257 74fb3eb9226d7eda07bf8e079fbdbea4d57920040d773c24438edeb40feccf64 88
1643862805.8667831 1643862805.8664749 e695bd603d889bfbc6b5132395489fc5884522760fe24494ffe7eb1807f5224e 89
1643862806.4892116 1643862806.488952 76db938186386e9637ca33331cdfa394bd0e931dda5ac2a871c25634998b28de 88
1643862806.5959618 1643862806.5956907 3563276e5b589742005f119e3bc30ac26eea790d4842e7834ba6dc47fcb2e364 89
1643862806.95152 1643862806.9512353 0e06e1634c8c2f26d6fd0029b62ea58232bb77562f844eed22a656ec83a7bc10 89
1643862806.9812956 1643862806.9809372 327ca0a9972e53ef88ea6264dfd91428d6d3b5bf87581af372174b517b031a3a 89
1643862807.1872504 1643862807.1869352 7ed70e3b086e061ae1223776c6eef38e5faac8b4f3101e34f8e7bc1a9818e5f8 89
1643862807.2255552 1643862807.2252634 183312047597cf731d2096ad217aa3bd5b5e5e89c2ad542a5e9d5b4ba976d084 89
1643862807.4934936 1643862807.4931757 673a33cc30eabaaeee24778dc8f9af19f12593911e0d6a12d32375a47f2b149a 89
1643862807.5188785 1643862807.5186398 693159ac090643c3e89874e99dd794f2f5b347a42d0f224b95091e9a7bd3de55 89
1643862807.5213487 1643862807.5211985 5ebbf04be62755fc915b3a61e975076a0ee5c6885c220314e60dd3046ed5a62f 89
1643862807.8544898 1643862807.8542078 b6b439c190ce910331e4f6c680a2eaac6ef0c1225576f3034d01fcb7c1395c82 89
1643862807.899146 1643862807.8988163 5769c7550ade793a4c60f5bfd055025fa9c3824899afabd16d77610f1c094cc0 89
1643862807.96 1643862807.959772 78bead61ade4e2dcb3a15ed33fe2d7e86f04f09610cf375ead45a3f4403ec553 88
1643862808.6682074 1643862808.6679518 cca84df2132191016c725c6460d630d6bef5740cd0d78ea2a626165cf48b0ef6 89
1643862808.7609532 1643862808.760719 bee654fd5e6f5a08e688fe47a48c50c08f744afd6a4f6ccdd55d3bad70f067af 88
1643862808.9405377 1643862808.9402082 55ba5a3ca97cbf343040eb321fc7e3884622f4fbf4008ccff2e6b6c8940bde66 89
1643862809.0206552 1643862809.0204191 ac0ac58318b6bf0a5f94bccb0497f3a0d390b7f777ba94e376481caf434e2eb9 89
1643862809.236163 1643862809.2359455 64816596a5df8f69b3b88a4acaa415aabf5dfb9ea57168b9c6ac775d096adf92 89
1643862809.2859094 1643862809.2855897 cc202a32d86d7ade9dd3b09b2fdd26e0746c0aba2189ec5c17a4c36b69e6ba15 89
1643862809.541561 1643862809.5412595 bbd3aab9863dc4566e4204a41beaa3d5fa6f90deda3ded57ffbf1e596c827f80 89
1643862809.8956118 1643862809.895316 514e19b016b743ad1155a4635e728381ba6f1868fa1c68f8adff245df40cfaab 88
1643862810.5266328 1643862810.5263226 83e9487e9be727887f023d5da38f1ba5fda8d94b56c410e592eb610c272175af 89
1643862810.727302 1643862810.7269602 8046a81f944f010dfaa1f5c073ac8c778e3e32e1ef9903f2efe62af7b08b63a1 89
1643862810.7783866 1643862810.7777715 2fe300c751e6a89bbec866a06f27df7a8504c87391ab9dacf8382ae0a3183cc1 89
1643862810.9104767 1643862810.9102023 aea6daffd9d36dcb488bcdd4cb70cda3a13acad374d06a1a1a65684f389921c3 89
1643862811.1059148 1643862811.1056154 3861a1e747de4c3e3be73ffee79b26a8b563e34c2dd7a1af8ae31bd4f9c97858 89
1643862811.207945 1643862811.2076724 eb521b14843114df8c64c9060983f88f6abcbbf6648c13212768f3322f9ee47b 89
1643862811.258878 1643862811.2586462 f1a22f5bd2fe1623390eb6c4e8706da5a3ed3a622111f294365c56c0bc0d59d6 89
1643862811.2849107 1643862811.2846434 b9eed3a93696fca9b0850a85364818ef9dd51e3fd0bbc30a85e946d59e635da8 89
1643862811.4803715 1643862811.480083 b27bab2b2dff0882d30f4d6cb131e67a07ea9da2f8fdc91f96cd9ff9361f3cb7 88
1643862811.9427323 1643862811.9424584 54bdafe26184d625be5f3aca88bde3169c33bba8e9e9986bce4476b20aa4dd07 89
1643862811.9907136 1643862811.9904768 3857c0dc7ceff41a226fa9c7e8552780129b0ad9322326320a809ab3642a88af 89
1643862812.021259 1643862812.0210366 33c740806e00374777118bfd3a03a8ad73bad7d713e8a15ac7a72124b2d7894d 89
1643862812.0767741 1643862812.0765538 ff8168fc95cde50f3a8b301a6bd6c6c50518780e435febf43dc9df363b165d59 89
1643862812.0930612 1643862812.0928338 380771359b32404a524387620887563aedbad3145577ecf936fb3bbd298a4aad 89
1643862812.3432586 1643862812.3429646 7c1ad298a28463e2a2fb12bb0ce1ac2644621781a7cd257b15a811a8d7b6b221 89
1643862812.450973 1643862812.450688 ca52c773f549a6c5153dd486eb08610984fe289a8d14a9b52b7a98f6650abf9c 88
1643862812.6678207 1643862812.667591 93c22e161889eefdfbfe7d31fc95910e42d9af836a0d34283a80a0da6e867933 88
1643862812.9147837 1643862812.9144464 6eeb600d0fb88675233a683de2b54c4c9d8090106083403a6ab9a22a880f534e 89
1643862812.929062 1643862812.928827 d4b10fb4f1c468b15b37a19365fe8b9beeb923302f847d13179de8a5cdcccb81 88
1643862813.0490737 1643862813.0487473 79880a201fff81ab8e42728fa0833ce757c3e85fa7e1eef920d4f5d27dd468f3 89
1643862813.1284828 1643862813.1281874 78245c207e07f58ab7df8a172be0fe043b8e0d94ff0fbf83a85fa26b41efeb48 89
1643862813.3727307 1643862813.3724098 64d3f27c3bd2c066ab7f916c8c0aa69f6330e52cbd20982ecb31b261a8617ae0 89
1643862813.6645672 1643862813.6642165 2beed5268f342b27c1aed33f4b8114b0252039d729c4c1e141cdcae17c1d9e3b 89
1643862813.9474037 1643862813.9470956 87d39d305279a97653c33892382ba456b5e951f407fa5a825202557e467b7e5f 89
1643862814.0695264 1643862814.069271 87ed89c6817999fcc7109292555ddfdfdd96fe03010299e6c17d5dfd735e2359 88
1643862814.588597 1643862814.5883172 fe59004bfda932595b14b047a485dd95c56547492e240010b207697783bddc72 89
1643862814.8305173 1643862814.8302047 ceb359df844bbe31ac7758f3724cb9b977c67464f6ab3a1056e5120abe89f5f9 89
1643862815.6378832 1643862815.6376038 fe718bd312a920c629cecf25b9b8a5cfeaf09f54841a0279a5181bce0888cb69 89
1643862815.64422 1643862815.644064 42f17107bb33efebe7a9ebfca166efaa08f666ea460635752bd7e30af0b65f30 88
1643862815.7081964 1643862815.7079585 126a2755c9cc5ba2ee7d034ba3dc36e642384157722084f2d0d456072f065b76 89
1643862816.5045972 1643862816.5042906 a8286eae65c4016e2e3167e5e8a418633bb4c757045620dbdadeea04743cd682 89
1643862816.5782003 1643862816.5779324 a5860e49e5a562280c779a41eabd5893b42f50d8b635559212b64e66b4bf4746 89
1643862816.6861892 1643862816.685899 2f4e7daf9bd43c65679ca5855a7563eff839fbe43be37d09afa40405ffefe4b3 88
1643862817.0342329 1643862817.0339665 024bf73b49ccb03c2ed05746744399cdfaa5de311e042d86c3cbbcd6c61454a3 89
1643862817.4104471 1643862817.4101546 57decef12a17fd765fd1e5bf95e59307165c98eba8b576cb4e5bf21065389e48 89
1643862817.536477 1643862817.5361886 506dfe7d2ad839e1b1866de8bbbae4c35e8dc9a46c6338b7b7a272d757765560 89
1643862817.5992072 1643862817.5988803 02eeb913c41e80921c30bb3491ac2fc6cb5d237a913d4ca6a418b5fbacfe46b2 89
1643862817.7743697 1643862817.7741048 a927aa5c2c5a7cf0a0688adb72b8fce8d12a45cac93212b32a8500140a35ed6f 89
1643862818.120598 1643862818.1203058 bf26f9eea4a279c2a2e420339d26fef56ded8e59ab628ae4fa46dd6c14038ff0 89
1643862818.3171678 1643862818.3168535 84700bb19b57a224d810a3c2cbd89489366330c3ce2ec31dab36928d0be53667 89
1643862818.4152102 1643862818.4148812 5c878cec61da3aebaacc4954838cae039e5a2d379d2a185e8261e9122fd301ab 89
1643862818.440745 1643862818.44053 b3e5148715494cb1a43f769b0c4eafb281347b413ee9510ca9a2492d4aaa395f 87
1643862818.6269841 1643862818.626649 a8cf5fc26c28876641546125f5087f2c2729d99e496ce7cb3e01a4b510e291ad 88
1643862818.6858985 1643862818.6856391 c149f6f109487d715e466ee9ba96710d80738de47842d2f23747ed66abacd6e9 89
1643862818.7440176 1643862818.7437222 23a9b38ed5a33a5bf340832fe12e35978c5a0ff24cb7dcc331180f834415c1fd 89
1643862818.7447083 1643862818.7445326 113053a4ef44d867e87e367f0bf267d7ac12a5a15ab39c818a9e6decd94df652 89
1643862818.7655976 1643862818.765279 596da554246343764a12c044cb410f9b2c9bb80c05c4cc1adabe85e153f73048 88
1643862818.956727 1643862818.9564352 04cfe78b8dba25212ce5d6180f388eb4a99f191e3fadd9fe6e001fe76b06613a 89
1643862819.1090817 1643862819.1087635 e0c274bb615bb249d686d305cc65a378f6f3cce7deba1de7d71c86affb4c0cab 89
1643862819.1826441 1643862819.1823833 f413e2501fcebc0fbcc79af8e5a1fb2eff4e5fb277eb39c5b0313a73af2ae606 89
1643862819.2208314 1643862819.2206085 e3342f5bbf7335afc1cc818d0acedffbf208f128ac03e047b7462dd0a1711e38 89
1643862819.4085672 1643862819.408301 5e6e66ae3e5e5a8b05253874825049eb0d361d9abeaad47427c86f2e28f9ae84 88
1643862819.5074735 1643862819.5072055 43929d8225fd23400d4abbae3703ef6132c8c3d1f2bf5779476efc243477cb35 89
1643862819.6671066 1643862819.6667762 d348b953c13662ba27909be4b918c0d7038ed0acba5fda58af1d0a1380297504 89
1643862819.7232049 1643862819.7229154 b55f1da8ebe5ad5f4af90e28173965568ef2db11ee2911f7f4a45da59f009e59 89
1643862820.056987 1643862820.0567122 aeb2a598759d36f9eff827f9fed95affa500a3b1426ce297b093bd97cda01309 89
1643862820.2704504 1643862820.2701867 d89bd5c955a0435abed57571ad4c7991eb7863d7936989f03999f3da197a1c1e 89
1643862820.5483165 1643862820.5480409 2a72bc7da59790d485a2a6ef9eaf2ed374554e2fe50fcc2c1ea66f67797cb9e7 89
1643862820.991467 1643862820.991201 e61c42e47d7d6d41067174f046899a6b327d090f5bcccf0c126e2321703aeaf0 88
1643862821.2183745 1643862821.2180312 f4e81d7988f66a60f03d2a79b7721e02519462b966bc66694f5951f60f7b9c64 89
1643862821.4348884 1643862821.4346058 fdf34184ccee8ad57a603eae64ed82dc457c75f40ee709fe55f4f1ed0bfe80ea 89
1643862821.476635 1643862821.4763532 3ecf60eee2da554ca27838ef2682c08a4edb01c777f6c5195aec5c715bf54612 89
1643862822.068112 1643862822.0678265 420c7185c6b665e452d9a4f1a961a35fa57fabc755708f6d1bae6fd1f702098f 89
1643862822.1857722 1643862822.1855173 f1a0634551b57a9f481c3f5a00e41f6e28b768dbd61f22695248eb43cd09b3b4 89
1643862822.6978316 1643862822.697485 5fd408dcaf6dfe274ffb0ec6c93ee09b9067199568149fa632e25947962963fa 88
1643862823.285146 1643862823.2848408 3c2ef69e09e5f318905b7872e023adcb6c53da2c8bdc80aeda410330289a5b30 89
1643862823.4456322 1643862823.445379 50fef074430258dea4fad19662c418e56e96b565e103db407b46802096a1f898 88
1643862823.6836574 1643862823.6833818 32f82eb3ee3c5fb3e4a60f1457a1f4ff7eae4fc3352f2ec4aa85bba60ee22322 89
1643862823.8559437 1643862823.8556874 fab8cc83e25627a30fef6c9603035b04c1fc1295e4fdf149e67a7b6d7bd0619b 89
1643862823.9177876 1643862823.9175134 0a99cac2765f0b7a8cc707fb7b9b0768ed1af91e41082b095ae9e8a9d98c2f80 89
1643862823.954292 1643862823.9540443 20a40638c635d3517e792461afd1196054848d0dca3f3eb225a9ca42d977371c 89
1643862825.0107207 1643862825.010436 1943390e9d445fd90df65117c63bef830a81ba415c9a9e6132c238e31c6d388c 88
1643862825.0915725 1643862825.091271 709718ac0e0f405d52afa6a2672a898143c19a864ecc0b2c94b3c632a012b595 88
1643862826.1770806 1643862826.1768005 32fc58a037e6e182ac14f4be5b8307abba0ccc80b2d05c460c4022cb89cdd7e9 89
1643862826.2029395 1643862826.2027278 97fcc8ae4451db1bd2579022d99baad5cfa53a41a714058fc926e927e35afe73 89
1643862826.5139942 1643862826.513738 c8da8dbdb1dba8f3ea289dcd0b82492ae64766a929bb89639b3d5f52fb85a044 88
1643862826.5763602 1643862826.5760388 6aca79d9be12cdfcd6fba92ec278c88ab63007547fb025c80915553823aad302 89
1643862826.6454966 1643862826.6452515 48d4be800f94110c2e787d7363578b055933eb89db06db25360675770b2050a7 89
1643862826.9593625 1643862826.95833 dcb8c81835030d606f39aa0d4749941afd82058b6d1a9c38124d02d804f55252 87
1643862828.0065548 1643862828.0062811 6aad31c92ca1e85240269d0018e0af8f4dadbd6c69e8103baafbb482277b09dd 89
1643862828.332573 1643862828.3322928 949f87b695f99b7384cf33b3c6060982cc778468b1dba399c0079f6e4e4c7157 89
1643862828.4696214 1643862828.469315 f07c0d910e5ebba821b3c6a984beb7825fae4620a1711878352d57252082dd17 88
1643862828.5633094 1643862828.56296 b8b30907fd311ee0d412c7bbcfaee32e6dc006ab4455b30a9aeffd054d52a68f 87
1643862828.6937737 1643862828.6934402 3ee816ece1c7e5bd4360e2cfa04475b15a0ed559161bb1895aa2e4e33ee7157d 89
1643862828.7356064 1643862828.7353125 ebd05df34da28dd7dc6c6f58e9b1c38729a0ec8183a61078f0cbb63afa2ef74d 89
1643862828.8397572 1643862828.8394852 a719c13c665738c8c93f7381442dd91c891045fc52ee94186ea769997f2b573f 89
1643862829.052023 1643862829.0517123 f90cbfcf5986b2cf57359d3eedcff2f1fdafee23b1f3bce412c0c27943e60023 89
1643862829.5654898 1643862829.5651925 ad591dd8987bdddead6671870ec66f40a0e58cdbe3731349633936972009c520 89
1643862829.729769 1643862829.7294645 3f487b1379a1aa996609d23020c83d6103dc701a079585d881905b0d23dbdabc 89
1643862830.0994627 1643862830.0990958 7e72f2bdd1bb10788c9438a039a4cdb620fc2b54bc15c1ae31495b8cb3363561 89
1643862830.203155 1643862830.2028131 be8d47cf66cef5adf5120939f5ce7396e09b3218a94d1e6f020d25c16dfb54bb 89
1643862830.2100255 1643862830.2098067 fcecd8b9c0df2e98f8662a2dfc667ea8274b6fe6346a460e8e06fa5bc7f601bd 89
1643862830.2158577 1643862830.2156982 4b95bc1790f6b5ff28c32c9746f146b69de4cba18033839fb0c46793b3fde342 89
1643862830.4586608 1643862830.4583907 95d36d442e19e66f0d0ef03225b1b95fb6384f32a2ed263b02b076286781693e 89
1643862830.6393476 1643862830.6390865 e73b37de9355b68c12659793a224db9db7db9791c82aecbba5eb3a896aab7696 89
1643862830.6479352 1643862830.6477377 961f4988fbda3baca553b5f90aa5c2ace39fbc5bd5ac7e0673a2701e5b278960 89
1643862830.6598127 1643862830.6595821 f0da3ff69ece3b23a07a99d40da695bedb5121f44f010b107c3df290c96526e8 89
1643862830.9985113 1643862830.9982078 1fb83910865f31c0cf535a09a51466b1379b35bc193c91869a4cd8c9ae105c4f 89
1643862831.0914927 1643862831.0911899 996bd55b7047e8fb86ab810b8a37c3026ea921fe16f467c9fd08d016790b4d41 89
1643862831.7153623 1643862831.7150478 051a4ce8d4407ef1ae4cb4ff7c8237c8512043c0e1c5df410c23089cb0e71d9a 89
1643862831.7201712 1643862831.7199872 bdb7194bc2fff3e26e6b2463e3fc24741709628ec0117ad8e41c126e7ac8222f 89
1643862832.175048 1643862832.1747577 dfb9c5907a6266551a8daaaf71b29a8dd8b8bf9bb383a1b323d669c128d928f0 89
1643862832.33579 1643862832.3355494 d87b65ff639b5ea7a0d92d25be523f6bdba9827c8e54fcfae1af082f65b2b58f 89
1643862832.376307 1643862832.3760517 ff2ec2390338a35d2e94fecedc88b4bc1c1d75ca0f0142d6cace0f2072e1df95 89
1643862832.3954616 1643862832.3952003 464d980942b927582b635bdf025e01ae7df299e5998290153796a884524e0a0c 89
1643862832.4220982 1643862832.4218245 ac3ac35d11f2b596bcb4b05c371d17b6f4b3759673f664c4a5da5286e1288597 89
1643862832.53444 1643862832.5342188 33dd8800c0ea98a4bf2aebc43434d8d412c0ec55c66bb192c04e17528a02fc7a 89
1643862832.6384785 1643862832.6382248 57561f0ad743a1382fa6a08b0ad3863a21f59ca14bf8c3872a694517f87681f7 89
1643862834.1331003 1643862834.1328328 8be7bac998a69bbf7e5ab42cdf4b49fefa6336c9ed074415538bc29a955efcdb 89
1643862834.1945717 1643862834.194286 442c81058000593b93c9717befd8c5178c15d2ccedb8c8588e3fdf52fd7758f7 88
1643862834.3214316 1643862834.3211753 44a1c06349a0c692cd02ce55e38642d674c2fb40b9379316cc7779a087c85892 89
1643862834.3967533 1643862834.3964453 c3f707b804e8cd8e31f6425e4798699fbd94810560a4d529e4d09d011efaf9aa 89
1643862834.6635313 1643862834.6632638 7361743aab616484092eec84b1d75b2c9294d988bc1417c050068ca051e46b9d 89
1643862834.8253212 1643862834.8250017 35c209c1904a3e85e73ce6242f39b63473f6a52b0d234fb68b340c557ede0449 89
1643862834.8620133 1643862834.8617923 139a31fed56c1404ff4f33c2e45432e64629434f16c566cc0b3bd401b606f02b 89
1643862835.150086 1643862835.1497715 c32c9bc50baee84ff79b1d6f83c66c548757b10cd34993f09d7de6cd64bf5d1e 89
1643862836.0841846 1643862836.0839357 6db3d779296cf59d2f2eaefb725fe414c702b499a67bf4adb1424efbd7b0f83c 89
1643862836.1122453 1643862836.1119359 ccad0f8332be66a7302b03b76fb5e899b6f22d12db1680356800574062c6dd4b 89
1643862836.3957508 1643862836.395451 4553b9cc9a4fe53f7d9dbb469288e0bd85d020053927c4dd60f1b45af95b0528 88
1643862836.8611567 1643862836.860843 8c5aae90f73af632aba7a45bc65d82aef478f2a863365c7a6716d69665fc73ad 88
1643862836.959315 1643862836.9572263 688de1fb8f4a97d5c13129360445b9dac2916a1d1c24588604f04115223ad7ac 89
1643862837.2760115 1643862837.2756615 48ceda507f197d0255f69a4444d13ac30b390a6c31a389531ffbfdccdf881373 89
1643862837.6631763 1643862837.662936 b0174d98aed1edc84d0364c4043038bd81197eea0bafcc4e563d037d7e3c0eea 88
1643862838.2723184 1643862838.271935 81af20173bbe414e1300d0a08b6f11e9e03c0167396220599fcef1e655b0598d 88
1643862838.4844155 1643862838.4841425 0c02801cab22f758498a5bc8be5baacdca8c50b05eeb0055b63cb2bbd7f4deff 89
1643862838.5897837 1643862838.589509 4e55dc21d7b09442153f9c17df3cca124485d0d887463627c0a290a55a59f094 88
1643862839.7557423 1643862839.755458 3cce5061b6b0e87b9584dd98c5fb733107bc388a915cc91e34a310fc0624cb1d 88
1643862839.7808247 1643862839.7805486 94bea46b727273d5dd4e4d3b9d2c5ed434b3ee2566488da535e9ca8959f387d3 89
1643862839.9823747 1643862839.982025 7dfd2ba18a57bf07578184e706590d747a498ddb903a66da3750e0a2fe7a7f52 88
1643862839.9869149 1643862839.986722 29f9ea74bda7aa23c417910488c0c8a87f810f34bd1fd8f7ce19194a31293f27 88
1643862840.063859 1643862840.0636194 ace7920988b86f572e7db5770b6289262a6437a72f428527aa6b4091f213722f 89
1643862840.7635307 1643862840.763253 c8278cb5c211c0ae5056516deabd0f31a001ebc2b64406454a897eda54a73663 88
1643862840.9654448 1643862840.9651306 ba8292a7e2db48eef95a4b6e567dec187e72d6c6d16662751e6e1648f172ee57 89
1643862841.0871437 1643862841.0868216 b785920d99c27e075637776b2600a386e7223e9aa3c70013d8abaa3e4f291ae5 89
1643862841.142889 1643862841.1426237 5ea7474cdd139ce01f680ae04ee3cf418e5867009515d3e96d98a1e2f0fdfa65 89
1643862841.1691918 1643862841.1689181 8f6d2dc33fd63649d32ddfb1acbc88d54eea2b0d549c4756c5dc3901f6685d45 89
1643862841.1702452 1643862841.170075 44a7bdd6c9d190c62a00d5f0f2827e6ad21cf93b845131a91de81a2d6debcb8c 88
1643862841.3419511 1643862841.3416612 e68a8816153e6e629a7399b9bb21ff2a2e6f54e8dfd10baa8cecfe383a15c73f 89
1643862841.364397 1643862841.3642004 9affb12266bfedf1afcb57eeb1e6564f5beccbd089ad927730e6011beef0d60a 89
1643862841.659963 1643862841.6596715 eb1764d5c54313f5a8c367cf3c10288b8ab4ce3f9fb6778b3af1eeb2f4f08d29 89
1643862841.7507536 1643862841.7504888 12b2acc423c6eb011f209d4d2879d8669719a023ccc4a3202e986523d34cf6a0 89
1643862841.857171 1643862841.856896 8ae41bbff15363a65f9d4068e03536db47ef47bdb15aaae9e945f3be70b6fe79 88
1643862841.902745 1643862841.9025095 bcb73e9be6804c3d5c14c5b93f61b2425214f6796e0a7508c44872598c940496 89
1643862841.9888875 1643862841.9886267 b31ada6112d6d4038d04f9e7c0b50d197d6d8ce4c0759185cb312e2185443df9 89
1643862842.0914106 1643862842.0911202 a43ee89d56697bcad0a571032de7d732e788ce2e5fc5c80cabb22a51684060b6 89
1643862842.4962523 1643862842.4959788 af316c01b57cb397c19582d0b916f84350b612dc760e91761851572939f8aba6 89
1643862842.5741112 1643862842.573838 f729b1f729d50773cbdb71b694e2f725b3b67e0741e0c299073200f72e50b52e 88
1643862842.5938969 1643862842.593688 d547d8568a13d15a260412d45f54d341a119c4046d41363ef796c76b1370c80c 88
1643862842.8350585 1643862842.8347561 11ec0c519821d0921b4a4e156a654b04f5bd4fcdcdbb56651d6c810b8dee00f3 89
1643862842.895986 1643862842.8957016 cf46f8df88ec0d372d2e738ce3e4932f7868a04d7d3eb865b38ee8312972b553 89
1643862842.998664 1643862842.9983711 e45b86a6a2f07e76a64b9be768e0be847b21fc5b8c71ca0113900d8a3e11244d 89
1643862843.1634107 1643862843.163095 2d99fccfbb578b963e3f717a1f6e064da1fe6aaf56165e9206702e8b76e18a5a 88
1643862843.1805646 1643862843.1803443 aae2f6327f93282856ef9786c3851d87d4d822313800e732285773b7b242c568 89
1643862843.9136953 1643862843.9134283 a2c3336ddf621ba7f3b7a7451a63e1d9944be8f653a9d05664c39ea2978c4ea6 89
1643862844.0496464 1643862844.0493886 1534f68faa6a07c3741907494bd44e17368429c7cd0d205253f9ac96481ef7a2 89
1643862844.094591 1643862844.0942924 15c224f7435dda3f5857496b138a072b32832f9fab7a1602f6eadf6dfe073573 89
1643862844.397659 1643862844.3973463 fde50aa71c1dd2984a6b779798d00e4d1e3dcd9a11bfe0bf46121627dceefed3 89
1643862844.5374362 1643862844.537108 dee543a61b0790808bbc17327b07c43bdd5b9bbf433224ea42cb985e9795cc15 88
1643862844.9861164 1643862844.9858146 459eefcbc7c117c60bdf07ad9326b286bc2b288ea4bc69aff1eb1013eae14c3d 89
1643862845.078915 1643862845.0786443 070bd9a839ac3751d976b51d06960b343555997b15d19afa329d728107007b0d 89
1643862845.107887 1643862845.1076403 7a78ca4e5e96bb960651cc4703d049db1ee95042dad12ad94f1c8047b32d02de 89
1643862845.166057 1643862845.1657894 1d02e8c824ae2d890aebd3b18b97fe7802882af8785d0218cd61ad7bbe3e11c4 89
1643862845.3204257 1643862845.3201208 84d1994330d4c88f74d6e487b0b7eb1e33f1b8a157fe290cdc2d68f26e093df2 89
1643862845.3901582 1643862845.3898945 7c699fc3ba7873fe2bbfb7f474616f2e0ac136df4c7b8f330d2f8d6dd32973c5 89
1643862845.437832 1643862845.437608 fe6dd8d1eb14b15dccef6f428152596a6287dbba679c9c503e77026d73078477 88
1643862845.5793612 1643862845.579117 75f3823b043b7148954bdeb31c8b650ea66f2869f52d77ef0074d90240eb1996 88
1643862845.6209126 1643862845.6206818 0edbc5526c810ad00bd2248ebae8f495483a3586bdae3c413aacbfbe87788c04 89
1643862845.650867 1643862845.6506393 8d5e6007f2a30f1c81ca52fb12e16de959cad97dd152a414bdc299f8bc8a2f93 89
1643862845.7065346 1643862845.7063124 e9d08caa686176cba00400424cfbe72eea49521ee2f0101243cb3525c21f1235 89
1643862845.904315 1643862845.9039764 8cc94fde1d98aaefe7f498e8e74d27e40ff0e8c5a20a53f44686a266a523ea88 89
1643862846.010571 1643862846.010306 c3c8427a59dbe7a51cdf6a4645b4037452d4a58690ef47bc0f01ebec38b857a7 88
1643862846.0253189 1643862846.0250897 875d363bb2a8ab43c4fc9d75847aac97e67ae9c93a71d2b2a6fcfc9de98a733a 89
1643862846.0916812 1643862846.0913575 ff3902b8dd68648ef2eba78b8f6922ad740dc1b4ffa4dc745f25c130b5866668 89
1643862846.1407886 1643862846.1405132 d52822e35d5c2bbf83be22c959a0819439c81a2c07043cabbe6ed66c0b3e0611 89
1643862847.1630158 1643862847.1625752 fcf68daecc01064f8526eb5b296f475540855dc4f6d3172ce55554df2cf5983a 89
1643862847.2051604 1643862847.204913 ca98f9426fef443c6b694142964cb3452104ca7f627be445c2e401810eb7ab2c 88
1643862847.3242612 1643862847.3239577 0a20470ceeacc2f807aa82f827dce37e0d88938856cfd0a8a8e3a839c95ea7e3 89
1643862847.691231 1643862847.6909215 90d7205a41d437b394504d4dee82884a4c0bfb3816165ddab9a045d6091c08ae 89
1643862847.9172726 1643862847.916977 19b1547eb4ecb8386f48d32d4ed60e9d8f4b92da510e4674419a95a4ee48721d 88
1643862848.1335096 1643862848.1331732 18c65c0cf40eed979745ba7d90fcf9f4cdd8825ba22474252a93f28527fbdc6f 89
1643862848.3700478 1643862848.3697348 96ba5235f519f79fe39e6304339d8c84a53b41e74bda75ee85459f6d5d117046 89
1643862848.5244236 1643862848.5241473 0bfc461aa74f9ec0b3d0f7d228e4f6da22ddb4f4a4b2f1c622589bfff50c0cf3 89
1643862848.5323617 1643862848.532183 7e7ad648ef89d0d15d5ba919ce896d252263a3f2ee0d5c976a3755509e687181 88
1643862848.8219504 1643862848.821728 eb8853c47138751a311a0251cb38f47dea57fc670f2dd4b4b5928ea97cb2be0a 88
1643862848.8459787 1643862848.8457353 1cad5b495924ceb7a50736cead54ab631242876a12131dbd43ab71ecc245b503 89
1643862849.063979 1643862849.0636802 ff702971372d4d15e509036c7cf0e3591855f3b00dd2070e60d29082ea251ee0 89
1643862849.2578342 1643862849.2575173 2ace9050e14dcfe30ce9f32cfb4bf3f0d0bc481028bf2df8068f320c844b3d42 89
1643862849.402203 1643862849.4019198 70348d201c51dd03ed3d697b1a76ee065f986f1f5100a75db03c2d039a4abf97 89
1643862849.661584 1643862849.6613004 5888ad7fe53a9da8b5c969b43d5da777fc0b4abc25c4fd0451775c83a70ce890 89
1643862849.8121917 1643862849.8119354 3bde3b56a5584d5a3e85b29650b47064a7ba2e83e848572c997c4042c7377756 89
1643862849.870369 1643862849.8701062 800ed26ed50e448daafc9de3dbe66570ccfb4bd0e539fe5fc1ffb1377fb3e4ab 89
1643862850.2483218 1643862850.2480125 c0d1719850901dff9e4af5c44847c1f580788e6d9638487cdc76dba5db04f095 89
1643862850.317221 1643862850.3169622 396194843f13b5e6b2d92c1c79404107ab88a52ac389dc89e4364b205d8daee9 89
1643862850.334933 1643862850.3347476 5e196021253c860159a0fbc6c9d6c8bf7ac6a38573dc23cb5342f4ebbdc35bdc 89
1643862850.3454347 1643862850.3452652 ff0c0d245db99580cb5caefd390e9466d47832cad04badbe9fdb2e527f8ee2ca 89
1643862850.351407 1643862850.3512716 444430a3aa9622cbab437541106abfcd265ba9302a1dd6b06d1373cf2755d885 89
1643862850.363553 1643862850.3634186 ade8b206306e290920e99f456df2ae5b5fdd8feb7bd1154c493679973428ed9d 89
1643862850.405426 1643862850.4051695 008a1bf076f56f67451000a4060869e57a42ab548cae2ed350799047eb65bcb7 89
1643862850.4401076 1643862850.4399126 4dbb4caac30fe9d2793492ef24d693c9e81a9f953aacdc91800fe9c3f1c2d12b 89
1643862850.940501 1643862850.94015 17461817f1ea75b34c18c95382087f37ff791bd2ec95e7fecc2823eacea26e35 87
1643862850.9777691 1643862850.977528 b7968ca92cae3c4e9432648337f7617523ed2da83cf0e0a99fc9eb5cd89abd29 88
1643862851.1258893 1643862851.125607 f6ab7fcc95c396a9808ae6fbb2420ec5a6506cbab6801ae9b9e4656932e161ce 88
1643862851.1616204 1643862851.16134 1cbe247229e251a15cc3435246b412c549f5db938f112d6f7c0657b0842dd826 87
1643862851.237836 1643862851.2375858 84410cb58a4344926967e897a85cb43dd51483ad0ce10a0ff67e3dadac95ac86 89
1643862851.5012488 1643862851.5009232 a0ac129fc1d4750f256eb54a9b253a469fc61607e07f852aa2d0b2157e80d3be 89
1643862851.644023 1643862851.643736 9e2c742f78291ffe0b45c823f97ee48e47a8de30a05066b689dba0fe7390c07a 88
1643862852.024897 1643862852.0246203 28caa56a57c342e097fe0d60b1b8d6ea0c77525d0c7bb8df2de5868c91cc6263 89
1643862852.082253 1643862852.0819936 3ccd084c04d8f0d98f1a21e2109e1fb87f0dcb581849c5d489a6bddb5c15a183 89
1643862852.163525 1643862852.1632528 cf3f073055d022c67919799a5a3e42553e1061e850fb7bd1195f32c9ebdb4cc7 89
1643862852.3115053 1643862852.3112032 7b952b0fe01c882255b6d4b99c6005a18f779337b845551d3eb980ed8a715580 89
1643862853.086297 1643862853.0860043 34495139a438baab17171042685f2addcbb48f997156fe444d090132b2224efb 89
1643862853.271163 1643862853.270858 95191e64c0c3bb7a5ca0f988ea8a734be3086234678cfcb7cd63fbb56bdd7ba5 88
1643862853.371695 1643862853.3713992 194efa3829bc730676af58eb51c4fd3cefac86ba331909a9e2bc92cc09ed1752 89
1643862853.3871477 1643862853.386928 3aa6079d27b95e4d0f933f137fd55edb700490a835129c33a4e279750f070ad1 88
1643862853.4949145 1643862853.4945989 44a58b0ac2309266b12648aa943e99afc9551448e6cec51e3c167932c211714c 89
1643862853.6400611 1643862853.63981 901b85b01b1f22e6dc6aa9dd6aabc1bdfc09a412231eee4cd0eafbfa14e705e9 87
1643862854.0094113 1643862854.0091116 5e7045ab0f79f914a7d8176187e058a8ee300a5f5b0454bc032b3bcb2b5679dc 89
1643862854.2243037 1643862854.2240243 ea0a838aba00fbc8839f0990576e08fa3d751feb9ff5de1a84d5d8b34f83ec49 89
1643862854.2361562 1643862854.235932 1b070b6a61396d900b5836c616cb6a8ea7a53b1b08428fb5a3aad9d1b69f31b0 88
1643862854.286616 1643862854.286335 fe4b98bb4ba822a92c156b3041c367e10f043e2f8a6c91e720f9d7443f1acb70 88
1643862854.3192594 1643862854.319023 02262b07f4e0cec2f08ef4ba5a442aad06a2476c460e837498489e9ccdfe18cb 88
1643862854.324627 1643862854.3244672 ddbb25f217bd1b5aebe89fcc492dca14be59bb05664cd67a32734dfbadaf81d4 89
1643862854.4264753 1643862854.4261332 2ade8f1719e88189a882cb5b4e841a05625da992b671b5b3ca05f2d8aea0aea2 89
1643862854.43795 1643862854.437723 adc3642cafa84ab7012ac0f41497adae217eb9919f85dfdb3ea64aa4331a9d40 88
1643862854.57495 1643862854.57468 e5c49ea22c48ad56ad441e0d8377d340e3454c15b81f8c65fa0ed780138ba59b 87
1643862854.5891252 1643862854.5889368 1a57d511e7103f5a5563a7bd4bd13f2a8b74d2ec4ebbfad222a12b9ca60deb0d 89
1643862854.675513 1643862854.6751971 23780681159662c978457718687939efcda917c9df1154d600f000c66737a8f6 89
1643862854.8963308 1643862854.8960035 e498cee3c3e57741f75e286115c55f53d3e2e0f5164b794408f9f93523408fbe 89
1643862855.063151 1643862855.0628693 30058aef3656b6ab886c9178009c088e12d4d579742d39a71b9675929b5a1975 89
1643862855.16192 1643862855.1616607 8ac3095ea1d0c70f74db189299617b94de054bf9b9df8714f728a0f03f981eb1 89
1643862855.3529625 1643862855.352659 d308287f78e056ee2be5fab2e338a8c9e6e146acc4ecf222612f7896c0bc9a38 88
1643862855.567689 1643862855.5673687 2cbb5bc4f397f3bccac1ca20c67527fd2c755b19198a0c48ce75eb360d857731 89
1643862855.7089217 1643862855.708644 08d191a2441ba854a126f5c8d89ba26ec348d3eb93b725c525348809f7fccaef 88
1643862855.7237594 1643862855.7235453 61daaaf9d46b2062e1d16318aad014aaafbe84ee33c6af6a38c476133af1ca95 89
1643862855.7854912 1643862855.7852209 f4eba6e7381aad6ff137c015d571141a17d22ba19c955b1de82776a6d66a324a 89
1643862856.0840185 1643862856.0837522 f1a57b7ac712924fe25b695a7799e505a93c52d93faadab961d9515cf9c1f76b 89
1643862856.1486573 1643862856.148404 4bf20d93b314f200223cf70fa8563fa98b5cb2c8c37bdda9565aecdbabe3223b 88
1643862856.404101 1643862856.4038227 588018124068537217e9bbf2c2bec9cfcf641937484b6b926ff798bacd1808f4 89
1643862856.5643163 1643862856.56401 4d04620ccaa4574dc5c090699e9577f7e81f5252a0b4fedfe0ca3ee1a7d9a281 87
1643862857.0980432 1643862857.0976312 2c825735f7de9338234fd6f4285f2d36e5c9ae8f09ca772b4150254985ee5f6d 89
1643862857.3494182 1643862857.349136 2f9054be65f80803fea1b85901aec3d0ec2c98edc576dc5105ac8522028b1e61 88
1643862857.5970452 1643862857.5967646 df49c7ae7b91a5efaef34feee6fa46fdffefeb99f5750c935ec3e86fb5d1f418 89
1643862857.794822 1643862857.7945113 e33eefc03d7cba3e776526f4c807b292559c8e180228d5ad6eb2c307e31894cd 89
1643862857.9352646 1643862857.9349604 3d2d365ee6ece934569ed9b494bdf9c684bf38e4f3f867aab611af50174d3aea 89
1643862858.3810375 1643862858.3807201 5d03e4e31532e59cd21131599937a92f625d5642998d1eef183e57c6138d3d68 89
1643862858.4984996 1643862858.4981716 192fcb7c76001cfe1cd296be4179dc1f6fe315579582f3b90383e6b8390f9fc0 89
1643862858.6167805 1643862858.6165104 11d5b1ef8bcc87118b96e17c4f53ed29530e79fba4437561dd9e1fb5733cf9de 89
1643862858.6282165 1643862858.6280107 a66c3cda99c8fe5188c3572fe0a2caace09d6e954b823679712a2497f22d5b24 89
1643862858.7014854 1643862858.7011902 b5f972f58e3acc64651b01cf4577a3bc6b722dd356b1732a344dc130d9db9065 89
1643862858.7366688 1643862858.7364395 149f55ddc2f0971a9bb0e7e87dc9676bab680f047eeb4ede0e8ce40418753baa 89
1643862858.9910293 1643862858.9905558 3397190c4239440dcbd0015a49b16fdfad00ff2c90137ac14d51acf1b09acb93 89
1643862859.0377705 1643862859.0375514 aa4bf7a6234429329892cac129f256af5521027b7416fe97c4ec058aa37c5141 89
1643862859.3807008 1643862859.3803666 424c0f10aa6efbb17019b5dae10be1bbbc42881033143f75a2bc0ca2c067d67d 89
1643862860.0567055 1643862860.056388 06af9f19f80f86b2cb46c37f2d1d973d8a62c993d190393fea25896eb4f276b0 88
1643862860.2005866 1643862860.2003188 808b6b6459c5f472e68850b65c155e0cd5b82e37dcf0b96decd3555b513f0c75 89
1643862860.3818939 1643862860.3816082 7e18882e6f4103720daeb5beec639ce1d519f390d3b1b1bc16ff9c27d81d0b18 89
1643862860.5037704 1643862860.5034685 d326a567653d57ed85880208501d95826d36e55b4017fe66db757a9af7fc90af 89
1643862860.5083208 1643862860.5081303 8fd8d5fdeef2a026e78a7da955924b544871b727e5c12fb146633d11efb3f172 89
1643862860.6628413 1643862860.6625564 d03f6d1c5878794ce7e519c9c5350ae3bca1e380cc50ebaf33f7b28d49b64851 89
1643862861.3740964 1643862861.373799 7f603c1f37746a8a69106f5b945bc02d71cf73b74f7e3c527e4d947968a5ecef 88
1643862862.120417 1643862862.1200674 94203d275a0429d36c033f2ae1cb2cd43570b7402ae5cd291b1a8236da744a09 89
1643862862.1790526 1643862862.1787648 360913ae8c56d314101db4f1b660d9e2dae7e7091a7f06ee1ffd3adcc8895f6a 89
1643862862.2034373 1643862862.2032013 1d74880e85c33464894d3ea3f794dd4c0dcdf8aa3a5aee09c83cca68d6698161 89
1643862862.498237 1643862862.4978929 d11cfceee946edc75d5b0da7e8434f6034c47624324e571539c399902e997a7b 89
1643862862.6586983 1643862862.6584344 725399540734f54ba76e722347df3157598cfe0773f72bee55db70ed7f014840 89
1643862862.9661825 1643862862.965866 98f6172e883c855352db59c1bd81d9525c4baa8f5c43dd9374ceaa64edcf8094 88
1643862862.993929 1643862862.9937067 375509f8c67f86a7144f1e8e02f90bf0c73d578cf8dea0a2aae5fb43912c40d3 89
1643862863.122321 1643862863.1220527 1b9c1aa07ff7b3153753aecf1ba4ed0b0712b8e270036232acf544e5dfbfdc11 89
1643862863.330542 1643862863.3302178 5727b1115d7ecb49b664819fecdc1637c2495eb75f8e08e6b520c8f82ed57100 89
1643862863.5201983 1643862863.5199327 36c29016547eb8f07515920ffc3fe5d87289420e0dcac14339a47c41c061bf3c 89
1643862863.6404254 1643862863.6401505 be287a7e241d97063c2c2e7600f381698b3bd7e99e478209647ce30fd7f0f7e1 89
1643862863.751543 1643862863.7512288 0783117acb894f9764a4fb6d82903dada4ec8a708bf29bd9d4f7dae0a5bf330e 89
1643862863.798468 1643862863.7982004 b123b0668f0eacaeb19ca848f7bac416d88452091e3c1d18bb3c1b747e5bd188 89
1643862864.0738192 1643862864.07345 22edcf4732b9afed84443ddfd7bf9316d692b64f5f57567b2d5e07a09af25021 87
1643862864.5562906 1643862864.5559633 46bb7a02dfdf47b6443e0dbe38e462c4f6d04930ae5e1c981df5318981d1cd96 89
1643862864.5691545 1643862864.5689547 48b8e15953e90f551ef49f4d16bd6ad0899e234346f62f39491c405a48dd30b3 89
1643862865.06667 1643862865.0663314 ac430335b70d609ab6317a7bcfcf5cfafe8a4a4289930014a089bed10c7a965b 89
1643862865.2236774 1643862865.223353 27ba8f29d385a8312f4c33adf9c3d8170ad10f068193eded90873d90ae480f83 88
1643862865.7967787 1643862865.7964435 c17bcd23412c451ecf60fd230b9befd32f3862cca9feb094bca184fd38e188d1 89
1643862865.888661 1643862865.8883996 b807739f00078129540c1471d47471c913891ad83c7fa6f3d05803bdef806e1c 89
1643862866.01714 1643862866.0168426 765cc6310a7d0d1884e339436879ea8261e293295ba266d54ef58346053789e0 89
1643862866.2687712 1643862866.2684221 123ae144a29337ba8bad1ab77b8225ae4ed9319ff0c69cbfc7158ebeb66168ff 89
1643862866.336001 1643862866.3356898 b97e36826c591b6b9885e1777198468b5a92662b4eaa5df96d1ff1d441a0deef 89
1643862866.6205647 1643862866.6202366 a229075de3f1e545dc173188539eb7576e5baceb422433c34f65fd34da6bdd97 89
