1643862230.6799397 1643862230.679004 3b64a975f989b49837a0b630243012873564b3378ec2bc4d5f1ac2ac60b1fcce 88
1643862230.9347064 1643862230.9342713 36effa65e6b2ea62a5b8bd559c9cc0a3be934602a1f3511c3dd3156f69f0fda3 89
1643862231.1494403 1643862231.1489904 d92ee790e38886d8f14b7082c7f46c3750666f7480bda278a3453b5d6a2e5021 89
1643862231.3453012 1643862231.3448446 300867c91048047f1d22ecd36a5f15bb29d202608de0540ef5dc08aab4f7b1ad 89
1643862232.2822962 1643862232.281863 f0603812877e3fe8ed898e4dd3c7c22608dc0640926bce3efbe0b1c613fc4fc3 88
1643862232.770963 1643862232.770557 ddd211752783707d994de560af66bb4d3d6f5fd109cb2da78ab7fa80142a802c 88
1643862232.9716074 1643862232.9711196 18ca4bd66f74757c00e9603724c061c0c412da8674b2d9be719ad1d3f2cdc103 89
1643862233.3821933 1643862233.3817365 fb22fa249d90921e96d211cb0d9f41d1726a2c87c7f9f9c387f3f67b936d1620 89
1643862233.9366238 1643862233.9361463 54c80ffd82cbe8d030ab71b17035dc2e729efd7bcbaf2b31d9d8d6f3f2fe7971 89
1643862233.9371958 1643862233.936714 83b40595ea642a489df8b1d863363ccd669ae1a4e4d4c8ffad5ef96cb121b458 88
1643862234.369986 1643862234.3695698 6159323878747332f1056798ccc0b4a1c811d11d0628c48845c7c9c5dd4e8916 89
1643862235.0205328 1643862235.0201075 7befacc0ffad54489e15c2a810c8bd2168284259aac2286a1edbf70890f1623d 89
1643862235.1769931 1643862235.1765094 3c26ab7be6af6f035ebf488820bce8b4a50a9d8045bd9f219167dc3a880cce58 89
1643862235.9556878 1643862235.9552312 85ec61651bea84dab109aa83a25a0f644c63b5df15760f1c3eb754b235482ac0 89
1643862236.4666028 1643862236.46609 b37d18a3aae87b8dc31a1c09ce37289e0c4bf974823a828b84bfa2ca6c1444bd 87
1643862237.387565 1643862237.3871038 8d4954d3926e232f75b1705e8fb082867a490dd9c4fcde781047b93d76a5129f 89
1643862237.5983195 1643862237.597851 39f19ebf64439476e833f1d25ec642229e64bd09c7f616966a622daf9e26d7c1 88
1643862237.6244862 1643862237.6240919 6f50998eb7972df0f5524e316c8cf6c6fe6de9d1345e79b3c643abc530d31171 89
1643862237.736306 1643862237.735877 5c2f39588272437106c77dc2e86f64bb2a370ccd196dfc81af5cdf8e3f3758a3 88
1643862238.8560686 1643862238.8556619 8f9306ceed0201f2e419b466425b3cebdc7107b16c84117fd3d34cb2cbd17bd8 89
1643862239.4658613 1643862239.4653773 ffb1d489aef2c315849ad23f61e9068a81c6f801334a926b034b6e880009a85a 89
1643862240.2585685 1643862240.2581158 d8f1401ca07aa6766ae3cad3fbebda5989d279467f128c86b239ef49c3defe48 89
1643862240.6137958 1643862240.613334 3e5db19cbc9b9d1a50926fc79862afcee3feb910701c0bc147a541d3037e10b8 88
1643862240.6615708 1643862240.6611469 9cb2ea76160cdc3d58a26ced72bde69d3f54032367cbefdca6da921bfdf003d4 89
1643862240.9876244 1643862240.983747 98ba57a52cf8c238567bc596554aa4496c4a9105ff07625a3a6530b382ecfc1e 88
1643862241.3053803 1643862241.3049011 23166e55875e34674ede93e8f01455f5ef87e96a7f86c9cc10425072b7e00a7a 89
1643862241.3637552 1643862241.3633275 367036e4ed7a899d5d7ac103da8c21b0e2d06de60a6c3751c6f22edc2ea97e94 89
1643862241.3859487 1643862241.3855526 80397c74a32b6fcc2c79f79ffd5db7a4a1388d3ee819593346ffaac9248145c6 89
1643862241.5643864 1643862241.5639486 dd1a352d8c197de85ea11772ed02e0f06eab9c7f5f274c069b75a46badf1cfa9 89
1643862241.968637 1643862241.9681687 e725928932bc4455f21807c624638ec675646da070ab3e415e0353196f4afddb 89
1643862242.645067 1643862242.6446106 dca87319d0e7152a68bc6ac365893440695ef74ba262060bc815c9aac0fc1470 89
1643862243.865766 1643862243.8653502 d72c7f42428f1cc215a5d13da1e022a81d60f688b54a7e12bffa2c1b3f793cb9 89
1643862244.2704952 1643862244.270052 22f9f538835a1b2ae86594f6d41699076b314dcf65fcb5075999553170056c6b 88
1643862244.8439429 1643862244.8435736 e0ffe184366eff4c032ed14f476927dc181806aa0b63612f8faf4d0221a305c9 89
1643862245.235124 1643862245.234656 cb55aab22202b8e251e687d6753951ee982bf2607f3973fb3ae29d34294583e4 88
1643862245.3538263 1643862245.3534074 bfa15f9aa20fdc2ecbcfea039712923da6e5ccb64f999f44d2c66bd316357f9f 89
1643862245.4974253 1643862245.497018 2713efa40acfea7d35db57059851790578066d5b6baa0cc901bb27edd465fd47 88
1643862245.6016037 1643862245.6011698 320d44368427721ccec440b5c0db874659760bb124880abc61665a440bfa948f 89
1643862247.7396 1643862247.7391071 001393b676d054c216c3ba8d0c2a2e0c6d9e0c849f0fe4a09ef5dbae411119c9 89
1643862248.2358105 1643862248.2353392 86dc6aa1f27735731de5951d14b5af1c8b8d9c15b16ca38773cab2663c3a12b8 89
1643862248.5429406 1643862248.5424805 119d76f29d9e4a04aae61f04934a424e57b8347d6a99fb02c3ba77c9001ae264 89
1643862248.697192 1643862248.6967788 80692498c55acb5cf462041ae9fa4a9b1d5389440a04298d427a2f0acfa46c56 89
1643862250.3257637 1643862250.325285 7ade77cce52bd9e8cde308c228b76f39b98dacf0b398940dab65731ea44699fd 88
1643862251.14199 1643862251.1415462 feb32cb6a7de983dad82327fcddfb3be95e6466bec26ecd7adffcc61419af6d5 89
1643862251.2902138 1643862251.2897751 8afae53ded6c03c2536f431e61af7addb980b1907bd3d512ade26e4a62885eb9 89
1643862252.0488522 1643862252.0483935 ba74f796a7a6779672ea921ebf06e28b45c12972a7838632fb353fc7469de7dd 89
1643862252.9560647 1643862252.9556296 b052c2f306b67ccf40b2c6d19417d745e47adce3bf4861009d95cabea9855068 89
1643862254.1542017 1643862254.153737 8b7aad2db7c4cfea28569dfcfdcc6f7a9ba62d743126bb51b4651f3198f81d8a 88
1643862254.970223 1643862254.9698155 fe8763bdefadc73310e94f6b3de014881f289599b58a4efff511c8f606ec6e6c 89
1643862255.432978 1643862255.4325392 52d32975c72f0babccf1b9560be880026f0692228f9993fedc8345b337121e51 89
1643862255.5437355 1643862255.5432954 18fd90ff840d7f0178d43646317fb9cabd6cd69126a4a43f5f86697e9038d1cb 89
1643862255.7964532 1643862255.7960217 f9f0aa3281de35a6446b5ed5044ec0c963e07280e9b40cb501e069a35dcf989a 89
1643862255.8551142 1643862255.854762 0a1efc3020e731d6d12eeb82f7ce5dd77dc8604b9d987edc4f8044e40b91cc3d 88
1643862256.0744333 1643862256.073923 9d51b7d13f86e187f614fea43559f22471a80cdee8de62db934c886068cd177a 88
1643862256.1982484 1643862256.1978285 7357f440374075f100f8a0ab12313fda42e03b2c10680af1caa2550fb47c0375 89
1643862256.2522643 1643862256.249918 d8b127b9ef1dd6635f94b471ee6ffaf9e43b14e07e9e9f9632eb9b0b7b190548 88
1643862256.6995728 1643862256.6991124 b6f3c7726f5e6ebf60c7524d9808cb762aacf7c6c68166b3043229fa580498e7 89
1643862256.7718627 1643862256.7659492 d4dfedb8cb7a4f5467b462d66d5a0808d263320c4643db2070a4259bbf3fd9a3 89
1643862257.3578188 1643862257.357296 7107d45aa59f78e50055f41537e06378ab5a721d7c7cae0989be3b695f3c3c54 88
1643862257.5420628 1643862257.5416496 bccb3e112518001424384ffc89024bce1a6ba0b1b413db0dcfdb3e5643cd9ecf 89
1643862258.0557106 1643862258.0552866 f20404070cf7a59e91f1a5807ed9f518b3c9034feba7cf5f626e361cea1626c3 89
1643862258.2507713 1643862258.2503524 f4eb22524877cd8d579621f80c5ef7dc4291bbae7b50350847cb1d68eeb87479 89
1643862258.3989673 1643862258.3985572 50a28deef0e844cedc31cf6d469573ae9094bbde773ba24f2a4470483decd9cb 89
1643862258.8184106 1643862258.8161073 7f456c4e1c85cc67157d6d40076d5e8aa26cb82bf84bfcbfdd5a4942e589dc10 89
1643862259.7585266 1643862259.75813 00b2fbc43c4ae782d6284965f883240b259740d82c2b477cdda213c4211d54d0 87
1643862260.2075644 1643862260.2071483 3a5288f4fd74ee7a5666363daad6d2b53fc6a8265c90715c6d2096f81d7e7490 89
1643862261.2747543 1643862261.274282 da70433aeab65a9715fff85a0f13300b58937d45a6c63490545657e9698b9c10 88
1643862262.1989965 1643862262.1985664 4855f5f34edd4631feffae437eece484accf17bf62a8c01a0153466bb15f64f0 89
1643862263.3943262 1643862263.3938909 daadc900e4fda30da2ef3e8555dace7ff79293c430a4d0aa466442faa467a89f 89
1643862263.8099744 1643862263.8095114 1f4c0c615c70bfe85bab82295b0b822a1a124881bc920fa6870632c40f86b4b3 89
1643862263.8637269 1643862263.8633406 cb739213f400a1562841c769811acf65106c292a7665127cbdfa3a50b91e2f45 89
1643862264.8727052 1643862264.872266 19b346b2eb3bbc744c955afe30c8e9dd71397c55686ef7e01ad6c5d71b72000c 88
1643862265.0888152 1643862265.088404 a3d21e75a237c7caefef5495ac4d11494337edb925d6e02028bc949293f61f93 88
1643862265.3690133 1643862265.368542 5193ebddaa2dff8fdf580dc9937d66d4c08de4edbadf4559415cc26b0455cd40 88
1643862265.5682428 1643862265.5678067 6af0dc7a2673e70523583d45943e5c7c7beac64d4c573220187a78bf2ed7c4ca 89
1643862267.289428 1643862267.2889931 557abb17f722342d2af96907ef929e1f4a78b9b641f8bc8af8b6186740f82b15 89
1643862267.3419144 1643862267.3415039 b0552af313fb2ccd58faf7ecc3a76e55579f6c72163534b2ad378466c8e57cd1 89
1643862267.7221668 1643862267.7216508 9abd011b00e6dfd4c81178da8fc85932275b3c46c01fbb82fc122181f39e15f8 89
1643862267.7928865 1643862267.7924745 60751cc77a2eafa141159095192b2fb64b801dfff954edf362ed99f2e8cb4485 89
1643862268.8064609 1643862268.8059828 cd7337fd66a0e76a34ae8446824d1442a499c28aa72fcc0ef3fa09ca435a5d7d 89
1643862270.084307 1643862270.0838232 9f1a0970517150177d8cc43ec9e426e69cffd45c015789cf95853871d5e80725 89
1643862270.2057242 1643862270.2052655 219521c1ec4978806752aca36890c6f74765aad5815dca8a99094b68857077af 89
1643862270.4207695 1643862270.4203234 b1af0d5095a6f2deadd9de9cf8d42ce518306657ab6c2444c502e636d77a2a9d 89
1643862270.943085 1643862270.942644 cf003000f4f864e4d07f690739d24ee71b0ece32eb893e165ce04f2759a343cd 88
1643862272.194771 1643862272.1943283 6fb6be03bdf036da1fe49b941dab104d83fd450b67843516749a18bf0f1ebc58 89
1643862272.3726485 1643862272.372188 e284c46fe1b10087ea4ab6280966d027f1298fc7aa44b31e888c123b95b773a6 88
1643862273.9579484 1643862273.9574456 775656cf6a3e4d60f8d7632681a1a0500c4cdc98e4e0dae99a6fb51403ca2def 89
1643862274.489897 1643862274.4894705 1650ff4aa2aba76736affac400b86161b43b3675f265209d177d7147a4601286 89
1643862275.597029 1643862275.596572 d7f3c3cddb7dd858d6c9cfc6d4d11085381bf0e7a519deaf4434445b85c06a41 88
1643862275.6104171 1643862275.6100543 60b54d7d549dca694b45fa3950dd8e9020aabfa1eaec2239d4302de3a96e21ae 89
1643862275.7176735 1643862275.7172377 567416954f4c9a1ffebca0139be2ec069f49cfe1f38e6c10f58b4e6949f22933 89
1643862275.9990587 1643862275.9986343 4b09a6f137fe3b56e1c445adbd72c6c0bbc394f242194d2ea8b9327d84a79b5a 89
1643862276.9292405 1643862276.9288175 b0d9f27465937f2325244f1f60b55f37517b5bfd432ef0c10925f7c8159b1b2b 89
1643862277.5033693 1643862277.5028982 f2b84d590d398884d6f299e2a93c41b135624ffb9d4e941ffddf0a12dfcf14b9 89
1643862277.824499 1643862277.824111 41ebd66683310813f9599d4f9d7d329162d7e864d706c5154c6f6dcdb49b2197 88
1643862278.3181324 1643862278.3176255 930364a1f012d490dda97f7dfbfdfe40cbfd1515bb58b979307895cfed2fd8a0 89
1643862278.7206337 1643862278.7201405 15438ae2d99f72db269d28258a287dbc35db0b6ad746a6f53d3a0e00aed7deef 89
1643862278.8646085 1643862278.8641653 8717ae651d3e58d431a5d11033e95d99b00cc2e2f19c0fc6abbb4c5ad25d761b 89
1643862278.9956439 1643862278.995202 4236e7655c628f59bf4bd21d9735a9d31cf420d6e6f374ea7bafbe6a6caac938 88
1643862279.1716657 1643862279.1712198 10b264f6e7ea39a944e33f3147370b1f12b3c1e0eaf826ec10f2c1a8be153d0e 89
1643862280.2383716 1643862280.237934 51c85f1e0f0cb10df258e9454e0d40d6eb9f3875233c9d51422e1f05785f4028 88
1643862281.3164983 1643862281.3158772 b7eb6d691ef55f82885827ddd801d44c3c4fb25c1ace4bad5ccd29df551bfcc3 89
1643862281.7105231 1643862281.7097242 89c8ef2134fc0b016bdbe34bb995e804e5413a98e2d1fcdb7b6efb9e4947c1b7 89
1643862281.9863293 1643862281.9858885 9b7f577b44a6d53feef2363b35f700d71c49c13dc3fa231d389f85efca1683a8 89
1643862282.0456212 1643862282.045201 e90b2775c8549cad73e4600d9e711e31c4c2878f840e7c9cc1fd1fd46b4074a5 88
1643862282.4345534 1643862282.4340916 ecd53de8bc45e5be9a99de60ae0099dd31fd7402020f34650aecf88f8e5924ed 89
1643862283.8540454 1643862283.8536422 79973f86534dab9dd1d5d9395f406f006c4130b3fc2a946f3d3088cfc1efb9d1 89
1643862284.0993006 1643862284.0988898 526c35376597c366ad0ec0bc3de29fed08c1fc9b5b6f39b1d7465edd6705bdd8 89
1643862284.183762 1643862284.1833427 73b43309d119a58983e98cd1ab0beddcfc6144b01c16b1db6d57d9e1f527e84c 89
1643862284.336355 1643862284.3357816 ab08b35f560bce2361dde3b6a9abaa1b3471399110ee10d2d6d2072192421f1f 89
1643862284.4148612 1643862284.4144242 1b40ddee05ca4d75cec5a3f198aae7fc00de6e77a68df2b679f400469cc20838 89
1643862284.434427 1643862284.4340422 01a46741e5304aa7b377c4abe00f79601190649220c775bc922ec5408f3b8132 89
1643862284.5689893 1643862284.5685256 2daf587818a9e43d441d46a5c32bd1dfa635add23cad0def3b09313b112eab1d 89
1643862284.7396328 1643862284.7391768 24648951026d03898f9b877b9a50cbf267ceaa15366efea185cfd5588b17128f 89
1643862284.8006816 1643862284.8002653 a6f02f984aa9ca015c1fa2ab46cfa1e60f99e8f423da28f991d6c9dbaf8cc604 89
1643862285.2649343 1643862285.264483 4596e3eb4b59034ea506725e4eb98dacf84115230d63122401004200cd0808f6 88
1643862286.3280814 1643862286.3275864 0bc72c0004bf929daa8368fa87a833347823b244d56480942b386b5cdd57cf24 89
1643862286.740448 1643862286.7400265 4911c67206d8528827690cb745c16a01c882fd11a0b9bc8231b7fa598e30e25b 89
1643862286.9995098 1643862286.9987786 33bcb15b20c8ec91c7bb471f0e8805ec24c3d11011603f1bb762502a0051dfe7 89
1643862287.2349901 1643862287.2345278 fbc84ecdcf44b78f55a4c7535fc9953345ad6ddf785dbaea1f396fa6cce622cd 89
1643862287.6742182 1643862287.6738167 e68cffff24e7ed5d6405264deebcf31c500e714923d2bdcc2cd6804035af4d89 89
1643862289.3941998 1643862289.3936932 a18faaf251f8cd026b91afbdd7e784dde1a53d3f928ea8041ef80e8a2c056530 89
1643862290.4144604 1643862290.4139888 fe3ed01ba700870ee36dd0e923418c36296ba6d878536ae61195288a1a0f7d2f 89
1643862290.537168 1643862290.5367532 f064ef64e08c8fb4a93cba61ed621ab3c8911c42f07d422f1a4c1b8a65e81f21 89
1643862291.0187058 1643862291.0182738 ba7aaa1b073cac2aa2b1b912d2236c4512d945743c0b7b752b9cdb138d563ac1 89
1643862291.0875316 1643862291.0870907 843309690aa504b62e5513ca4f4c74cac8175ad3d595dbd9c181ad6e889e34cd 89
1643862291.131888 1643862291.1314707 5e753d7d4753ab39b29df45280f471927e7a78e6b4c253afaaa3d23ccd24d8c4 89
1643862291.4983966 1643862291.497941 42f68ec71f5e7c09eeb6233bde9d86f6f3bc74405f829426c7213a9f3d83fa1a 88
1643862291.5706093 1643862291.5701973 3c3f9fc84d625ff0d2b11ef3994321a72c843d0687b2d5cf0cd71a07db74fc1d 89
1643862291.7001526 1643862291.699717 9e7c6e3dc74d2d1d42814cbf94c1896d384c729b4d3b254bfef4bf1f321a5bc6 88
1643862291.9136531 1643862291.913175 99e2cae9502d904893dbbc996e95aac5673e667314c17c73614706549527681c 88
1643862292.1361635 1643862292.1356823 b61f972638d3e872fa6c9389858c5d3e991f26e88ac5b65fadd9f8980c351a95 89
1643862292.2482758 1643862292.247835 f2b0fc933c8721aa16817ccd3a13d50c208bd700961a9673176cb31d82960b2f 88
1643862292.4424732 1643862292.442018 a7a32e1216b1c9ebc32129e6e48bb3e5df2d47b554c93f5ca1456822355fd4be 88
1643862292.5163238 1643862292.515893 f9434b734d8e7e92f0428624f160768e69724f96e80c9aff387b7e3487b4e08b 88
1643862293.4527307 1643862293.4522943 dba4a71e8b69a89e1473d0df92d315a8aeac4cd5f9f20b8226ce3c62e19deffa 89
1643862293.530834 1643862293.5304139 5b0e9dfded9413a45b3b7ab1636e3b7129cb5d5a0e66ee94dfcebc128781f02a 89
1643862293.5511782 1643862293.5507915 2f0197f4e7ba057b696fda6302d253b17eca91e2e38f43f707a9ea13fa66dd3c 89
1643862293.812747 1643862293.8122916 e22bbcd09c0dca31bc25acb0b442e55cbd03dfc67c8db4f9be19ca869fcbd6bd 89
1643862294.9058852 1643862294.9054642 17ad83bd44b4241b712fe8d6f2d4537b15847af0ba31bf3add3c10c2207a4c03 89
1643862295.0102038 1643862295.0097787 f58269cb46a35042b1ca3a48ab70627806d972fdfcaa1bf324c34c3752eda780 89
1643862295.5563014 1643862295.5558255 fc39d6726d3de53dfffc49b2e9459b679bd193d69901a41afffd84eea0559a1b 89
1643862295.5732303 1643862295.5728097 aa846693edb57800a0fbc1cb5fb851a25af85447d058ab36cb64841190ffbc90 89
1643862295.6951125 1643862295.6946747 d1022363b755ed5be8f4356de73a54080dd1fcbd1a7f054c44e262d02b6f6881 89
1643862295.8932364 1643862295.8927772 008d2461ac3ca33e41e05012af9885d73ce815c751874cbc9e4c07ee34131a94 89
1643862296.3795855 1643862296.3791456 4a9d61a8472653b4829569f98e4abfc2c770c589f6f790d1c6264b028725a3fa 89
1643862296.4042563 1643862296.4038749 47022e1d381a6bdd383c3dd8168e984cdb93062a30df2b9b5fda7701feeb1e94 89
1643862296.677925 1643862296.6775196 24eedc2e3ed103717950157b6aa1387c60f781564793c67c4683ab7321ae9503 89
1643862297.608061 1643862297.607593 c0cad3e53b4e82948b77c95523bd4fe031a83f99e85b0dc8ca8778e808a79358 88
1643862300.9155703 1643862300.9151516 86bb41a0c0ec179938c401d4a26df7927470bbc9b8663f3358e8ff438f5a3283 89
1643862301.3380322 1643862301.3375602 ffc41fd4095288a2d23d1e5bdeb80bf15a3e71d09198036e4a2e000bbed0ac95 89
1643862301.440142 1643862301.4397256 d612470fc9b4f57187c7271b9fa5e9409fbfeb65d313b59f71d969c1dec9a4df 89
1643862301.6838763 1643862301.683462 ee4c777b2f8473c213432bfb6f964277b47c3c7d2965ed4632d2175f9093f55b 88
1643862301.8700168 1643862301.8695698 17da6734d926d07485c9bda59d8345199ad30ef14d77e973c1c12b9e56ea8b98 89
1643862301.9479623 1643862301.947538 f5c643da11b226d49784d17d7deb448944a88251eb1ced2cfb0c845096dd9ca2 88
1643862302.0775833 1643862302.077148 7f05d8a8d6016cbed58f6d84d5da72481c14f7dadf7d172d2073815bcd60e0e3 88
1643862302.8878455 1643862302.8874323 05618f40302451d8e72e5626a302b511c64712562ea1adb908f67cca9feb2ea0 89
1643862303.02996 1643862303.0296016 509cdd230db23fe75071e1fe508a5afd8074c4c5327e5f361eceecfc36238a66 89
1643862303.0421376 1643862303.0417762 cd6901bd6de8b8fe57a14273c17cf18627695e72bab6eab425e1cd7cc1cbbd87 89
1643862303.364027 1643862303.3636248 a182d482dd1a04bde70809ff0f06d88f88ceaa167c1a7d29bef65ec5b46c0529 89
1643862303.5328507 1643862303.5324197 60f117de2f3f4cb4944bbf8ae371908dffc75e049e06d1570addf95c9e730fef 89
1643862303.655864 1643862303.6554556 98c831438fc6cac1bd54f348d8f4b47aea5324966b17230cfa33b0d83575dfd4 89
1643862304.3405356 1643862304.340095 13846ef76a1850a36b420c5bc8c7d6e6c19827a6854ed16a47d941f1471bbb93 88
1643862304.587531 1643862304.5870543 e2b27d0f229f60df9ceb8580238cd559f10c4b592cb9fb0f92ab1f3cc26f8c2d 89
1643862305.05348 1643862305.0530176 d6edc188832485d1ffad899791f70734eb3cb95669b990fdc2b533d7a3a77fa7 89
1643862305.2169747 1643862305.21653 634b40ce713d6c018c03f1432386fc8b1d43880fa43690a7f332d07124492a82 87
1643862305.3554482 1643862305.3550117 040759e1b5c182938d506e5e7350e0ac6960b8be7664dea8f71b7f051dc8b9da 89
1643862305.5812626 1643862305.5807881 53a38e7f92086758f2e6c8129c0a1305e4e7de93e359e7b6389d87dd14d56c79 89
1643862305.8540723 1643862305.8536396 160e6aefb8922295130db3abbb3dc2004fdd4abe7f7c805cebceb46950a61277 89
1643862306.7848353 1643862306.7843459 9216d9ecc9be2bd185c144924b014e38877a96ceb8e8b9d621aa340f3a9ba1ef 89
1643862306.9597266 1643862306.9592888 cd3ccb8ff10034714e71804a4499609e6c0900b446a1ce39ffbd337a311847ea 89
1643862307.5533204 1643862307.5528522 c7bb021b9e5d13a772d883e07ccc920b95abb7e2db5d8eb32d101944cedacaac 89
1643862307.806442 1643862307.8060265 9e07cd708223e74fb14aa9831d849c463becc8c72c6b8b7a1d4c08cdaf13cf8c 89
1643862308.5239396 1643862308.5234597 8d74e818a9e20dfa761e70272abf3b7145ed7c6c34081b9e5cdde35ee6453054 89
1643862308.6496387 1643862308.6492648 d4847a8396e81786d31e40fde26ec32330a1a2317ba4de39244bcbf0931b70f2 89
1643862308.9114134 1643862308.9110012 ee8a3efa59e6897ba2ecae0cec6238e5f5586e81d4eca8d91f8dcd47acb692f3 89
1643862308.9717865 1643862308.9713695 0f918c5ad21d10934a13eb30dbb1e7e4f367a7938ce641e631dc0bd1d6898ba0 89
1643862310.18819 1643862310.1876948 7f94ca2b0d12affbcb1a3a7c156261b0fd776164c419d299bbc15444a7b9af0d 89
1643862310.7675714 1643862310.7671282 bb1804df2a372bc57b2762084329f3f30ec843e49efda782ee54bc16bf94cca5 89
1643862311.0653145 1643862311.064878 e154c29bb9efc7baa27176e8707d9fe365388441c611b11625597ade4275ab40 88
1643862313.004875 1643862313.004441 e7db7255edbc425f7d80a11e93742248b1e9c398fa31e49b6d65cde858d3375e 88
1643862313.1750674 1643862313.1745973 6e9eeacb07ea9f293a7f423772d280c0e56a6e70fa09455da47a75fbd1200797 89
1643862313.2247114 1643862313.2242785 48b4248e5e5ab51b6c6fa00623525885b8f8bcbafcb8353dc9ddb14e5fbf1ec8 89
1643862313.3612304 1643862313.3607838 339885b1e5caee80a37b16e04de31fcbeef76872e16c81deafe332dd0098d145 89
1643862313.4309354 1643862313.4304948 30fe66ef68be1b8b561246e7272a78b50e43219c81c2cbf248b2bf20b6aeba8b 89
1643862314.281175 1643862314.2807372 00890dfd1cb5d62f7da72a05e3fcb7f914d9bf4e770be298c5a90a01252d2f16 89
1643862314.4726782 1643862314.472223 a820e0b99001b5f858524886b091f644179f9cdf60380d68da9a3a199a317b37 88
1643862314.7868192 1643862314.7863433 70043032734afe7762a95c9659cc7764b202100cc3afd42d2acf3e2d0f4faed9 89
1643862315.2199996 1643862315.2195828 81c0e9b1ed8c108de5451f84fb9d8b56a50f7cc40370c7d5ce843a7c8784c61a 89
1643862315.9437432 1643862315.9433453 8862cb7eefe2799272e98875d74bc382802082e88a922da8d46c2c6e9fc830cc 89
1643862316.4806526 1643862316.480214 adbf2e3b2c5034c5fc1138273ab8f9510e492a7f093830c54a892ef847735a9e 88
1643862317.5687606 1643862317.568281 3397cd6886ab1e3391a89a5b9f1c2e9b2138d16951db299476097d2643917b73 88
1643862317.637886 1643862317.6375155 93d125d2212adc692bc348e8b8b76a5f22557135aaa9cba9c9aba74786557730 89
1643862317.9867685 1643862317.9863536 ac1c5df72d59bbda28f05af81d993f4338fc282cb5b445dcf93386e4aa098b7e 89
1643862318.0380106 1643862318.0375834 dd6dadeb3010cd445a502aaf9af7800efe24f69f9a86f4857bb8899580ec27df 89
1643862318.208412 1643862318.2079513 98f0fdf76453bf4fe011b83897e6da8eea42b910f955f0df40f38cafae5c8bd5 89
1643862318.8785353 1643862318.8781192 a6dc348356d29618c982bc3f40ffcb026ab873633286ef0fe53d9b20224f8cac 89
1643862319.1316004 1643862319.131144 09e7ef600ceadbf8d0f4b93ab228808058115d9a4c2c10a4db35d35d2cbed493 88
1643862319.4557385 1643862319.4553201 c8f7cdfeb532d397c98dfbcc8bf8385c5e3e4300dfcbe97b059e8a7ba9a6dbe8 89
1643862319.8338788 1643862319.8334985 45b0e011067d41431357ca9b9f8b36fb8eced5a0385bd509996bdb5fa97f87e1 89
1643862320.2133598 1643862320.2129147 27f46a6242e180493671c518509564a4f36e3739a240b5a59e0ede0c2d207ab7 89
1643862320.50556 1643862320.5051284 9d16cf94a62f04a40bbfa290c598c3ea7d6dc053fe0bd56892a182fd66f923c7 89
1643862320.5241716 1643862320.5238075 593d1a327d1a5e1c14a5a3493ad4b6401a658354048bc2e3018a4c28b9b11a9b 89
1643862321.0252707 1643862321.0248668 3d0fbb736fb3eec4b5555d7bb7072328be347c592dae4ff14be02fdad449c40e 89
1643862321.0781069 1643862321.077679 72f3aeacf5a18c913979b4f0b6f3ebb7ea8e18436be0aacb534c8a7e6e978675 88
1643862321.5343497 1643862321.5338824 af72a22b0f6869683ae82cd43788b375fe50c46e35f63a0054c257a36ab12c89 89
1643862321.873412 1643862321.8730016 8477ba7c98bde5c713f6a7bf37c5387cfd40e801708ee0b92b836123155d3cf7 89
1643862321.9188437 1643862321.9184391 706adff5225788a3b529223a15952974ecbb2e2a4f497612c8fe948a6937030c 89
1643862324.427812 1643862324.4273622 1172437a731598ec5e0758c584908109a13d4db4b05350090f426610f4ab78ae 89
1643862324.7033193 1643862324.702832 a6431cb4fcb601ceec6b0b2139fee6f74e8e895431ec21dc39101509a4b5c2cd 88
1643862325.0364666 1643862325.0360167 0225f23723c9cd080160a214323028d6c008675979f6af8df3af0ed1acca9860 89
1643862325.9312525 1643862325.9308493 dc79ad5483224682b0c60f10d1e15d64f60e2d7b28d03e8c3781dc43f67f3831 89
1643862327.0079963 1643862327.0075374 6cd662da2b7cebc91bbb849cce8772e02686e6a3ee663e575bad45d2a0cfed6b 89
1643862327.2359657 1643862327.2354918 8fd8555d09919ad0d34a1e1b34c7aed819970b9546316efc5410b30c65bcc189 89
1643862327.363039 1643862327.3625946 eaaa9ab440a7b70b7bfb1bfd3d816d19d17ff970d29b2acef19ef1fdd53350e4 89
1643862327.570283 1643862327.5697708 3560579d34ed7525e9ba4aaca4c8ecae8c320952844c8b90e8dce9c83b12bcea 89
1643862327.7162693 1643862327.7158124 f326da248e37fb349a654a771fb9b98c8015b62b394014a54c0f38ce836a0f07 89
1643862328.1700292 1643862328.1695673 6d4975af42c778156768ef263e2ddc5790526265ca52c5eea4193c078cbc3b22 89
1643862328.180115 1643862328.1797624 d0e46f7bb98b10a7ee26f3a8c03c0363229b622cdf00965faab82d12398e775a 89
1643862328.2873404 1643862328.2869163 de8aa21c8b1787ba067828408e2f322f8879f9744dfd5a205b62cd25f2b83b33 89
1643862330.2348168 1643862330.2343414 ee1d0853fe1045d4c427ee5ec791b4c013816b24104beb9e84800e1f9fcd4a03 89
1643862332.4637427 1643862332.46328 8f4ca8e4cf0eae9795629ed57df92cf5bcbb2aa0b31de36c68fa7e53961f8f6a 87
1643862332.6483495 1643862332.6479406 55efd49a754145045c1fc95d095bcbedc77b27a7da1f38531674a10232fca997 89
1643862333.3758204 1643862333.3753502 e31d4e7c2eb32581e156abc9f552c82f3e7d5e2dedc8b7517a9de10f9f9e9382 89
1643862333.6528633 1643862333.6523862 b9cdf0340006b12a15e5b791d035120dd7ef4005003465f6264fafb2478ef398 89
1643862333.7379088 1643862333.7374592 59876c17f4eba2d6d8c1d7db13abe10f1dde36caa763a58a50b18420e0c8504a 89
1643862333.944388 1643862333.9439607 792b55e376d389299b8a5915a9f0ea26f65a07ca50f51a6bb0cc767c6b3bc058 89
1643862334.4472532 1643862334.4467862 6a889262e0d88ecdcd370a87046cff0e6577c2ba9944328295eee2efd4ba7ec1 89
1643862334.4736743 1643862334.47327 3992c8320e4379be6847c5b2c1fe1f6c7f9478434d34fdb6c3300638c7d3441b 87
1643862334.7043679 1643862334.7039075 1f269b21aaeeaa90f78a34ebc92fb767d6889d808e135f67717d0ae943a01588 89
1643862335.0951073 1643862335.0946221 f45d37197b5e0eed86bb82383748c30fb25daac488ae932ac744dad9cc40c6a9 89
1643862335.1910555 1643862335.1906345 466827e8078956b774cd9b7c5383ccaf03716f22ed3046675c04e302a0d83b4a 89
1643862335.4062996 1643862335.4059024 a91b627b271228d9dea5a728c4d8c3c9a7c685b9ef86937a27f4159629045bce 89
1643862336.120482 1643862336.1200287 45d528ec40d36cdd1cd73967bd9a2559a27dff285a315ab90e508298e8900d2f 89
1643862336.5502923 1643862336.5498452 093f4dc28b57ca00ca1404d5b41275fded962508654f5f089fb5de6cc938b6ac 89
1643862337.3276494 1643862337.3272097 fec924b2c51a7db65dda39d8218f600cfa1eee36255f8dfe148439dea71d7376 89
1643862337.5716755 1643862337.5712306 b9008494af70cfbba8cf10a331ce95c8202d389f6af40c8fff036e53ec2e8350 89
1643862337.9720888 1643862337.9716349 d7587cd244d3903ebf8c37620d45e6665ba906b1cd0e8461b429b53289eccf18 89
1643862338.500336 1643862338.4998775 ab50da9a04c8d3cfc9a5825c67db5ce6bfda817381b4c952eb336886ef58cca7 89
1643862338.5134172 1643862338.5130556 d6075e9dcb0d8459968333963a370d21fd2505b017de0e39fbcc456465504eb9 89
1643862338.6939533 1643862338.6935565 b9b43658859477e188badf08c4acf3a2bc7a719c9733c5e3c2ab038fe2f74d45 89
1643862338.7057045 1643862338.7053497 ec318c6a0db8ed17192e89e0caf4650ad80d77b5e746be928861f4dcdaeeaf0f 89
1643862339.059573 1643862339.059089 6750d24cbdb3541befa4b15e6b50abebad810ff0916efb3e7b857eff7a657405 88
1643862339.135468 1643862339.1350691 683d8d3f4f994576dee668a9d5ea6702ac05672e359259403956662a4676880e 89
1643862339.2045267 1643862339.2040858 bb7bd4432a1fbdac9caed167bb9deeb9e7f98b0f6846b6ad379b0933fe150d69 89
1643862339.4861417 1643862339.4856205 f67a685c9f32208465def371de07a1f625de0f95e6e6da99f2d5e92df22af738 89
1643862340.444248 1643862340.4437222 206cf10bf97afd0a093027fa31fcd2fb7b5a40ce2b5faddef0a6076b7c63d339 89
1643862340.5911074 1643862340.5907626 4d2babc09a442ebc1a2bd788cb0f0b912b1059becb8fb1c8637f62de4c93589a 89
1643862341.3107812 1643862341.3103426 4b73974e335d8ef12bb3a0c09cdf65ef3eb286a56dd19149b572c95427751802 89
1643862341.4349542 1643862341.4345345 b522bfd40a5b1f8bd2566dc2580e55c5d3079c5b4c2988692559d1e46144c797 89
1643862341.4521387 1643862341.4517665 2b7374131e793e3b4d3f155237b80a7d7b3b01885fe657e772b2838f5687dea5 89
1643862341.8933973 1643862341.892927 ca36f12ee0446fc47aaab60dd8165d5ecfd8bd74a8414e2b969acf4ad761702b 88
1643862341.9129171 1643862341.9125276 7a27762a85ab3ccfa6c7bbb13fc5d3085f9fe7fa1b52c23a88c10cad3f34c489 89
1643862342.0199502 1643862342.0195665 1ef02d7559d75a0bbaf57f6ca4073403c95582ea94a932df9a0d179d0e8513b7 89
1643862342.032852 1643862342.032528 96fc40ee3d4c787e4e158523ca69e73d8c0c184418117dd01499b4bc526bfe55 88
1643862342.2590878 1643862342.25865 92fa9a532e9dab6df4973cfc751cc9702b964803b5538a370723a81dc6951262 87
1643862342.9852211 1643862342.9846323 9e5b9e7cf3468fe6aeb2820f83aa8237685e3319d68c0b643952debb0cf5a366 89
1643862343.8555834 1643862343.8552084 efd40ed685cadd88f74d45138ec8f3c2189b560fc665cd7210ed2f04310ab184 89
1643862343.9113164 1643862343.910923 448159a0b411766770c98e87ccd98c3d32765bccd55f7d6aa174475971f06087 88
1643862344.2383385 1643862344.2379158 6780d556ada33dc95213daceb9881274d151aa4f5bc4b59a71688afc274a99f4 89
1643862344.715101 1643862344.7146993 af96605ec9a3d886e661a7a8da43735e8ff57e3865125723da53dbc9e38571ff 89
1643862345.0633383 1643862345.0629008 e5ec42d93b9840cfaa3ac4dc7838af84d19fc79dd05638e25dc37da5e89d0cbd 89
1643862346.004554 1643862346.0041378 314054158f587c60d1207aff451e0d02c8f238cd2a3ddaa2c9351367d7120792 89
1643862346.08078 1643862346.0803761 22853946acd4b57357ab9817b43c6023b933f471e184557eeec9766b6300937b 89
1643862346.8061464 1643862346.8057067 a6d820a10da2c04c9bac2c70888f309b32953467d622c5ce21f1cf984bb5fa3a 89
1643862346.961314 1643862346.9608684 3534eb85d03fa83a63cb683ffac2d6a8215fdf951b018f705d0f628e19c1c8e0 89
1643862347.096403 1643862347.0959725 e44707bc8a75746d165862f8bd1aef1d9b62c320dba07e56d654679071ba0983 89
1643862347.5047288 1643862347.5042975 5f2023d93451fc2f04a5246f354a7d513f4685bebfaee8092ac11df3acc49b27 89
1643862347.913107 1643862347.9126587 80a5e59cbcbad452bb61b3658e51dd909489f15fa694d9667aadb93694930ce8 89
1643862349.0742562 1643862349.0738657 859ec9cde87fe283ad30d25feab19f78eefda3fcc1b327e0d2d2fb1f700998e9 89
1643862349.0859067 1643862349.085567 7bd696fbe23660f0365f66f5c0203cee99f2bab69dc0cbe5b4113278ff8e694c 88
1643862349.4672036 1643862349.4668036 9cd049aa4521b727a907b1600165c93d3ef6bd290c0702ab0b924a8a56aed3c4 89
1643862349.4741 1643862349.4737751 d216a050715b83b101e99132d4ab8d7e38ffbe053c124469591537a4e465ad5b 89
1643862350.361099 1643862350.3607078 57e3e9d3963da8d435853a996ec8aaafd95806eb01bfc638580118c4f96cb212 89
1643862351.0576105 1643862351.057184 5cf72ba59bee3cc6a6ed3dc6514a8314aa935b7253d5b22afc7e2a8662bc2cc6 88
1643862351.2288704 1643862351.2284143 e9ef8611fcbff61f7fed31b7e2e9e5cb2534d731671e76d0653ea1f569bf0069 89
1643862351.2644966 1643862351.2641587 e6136c4805314891a39eb61557b3d668c6edef6fbb493f81fb7a09ab5f2718fa 89
1643862352.381131 1643862352.3806481 829bf53163a90a7a48bd8a1056512674fbeff728b938f60acdc51e79e5215b2d 89
1643862352.9207711 1643862352.9203415 c4fa0b19519c9aec074069b97dca050aa32e0c41f462f578c76ff105c674deaf 89
1643862353.7395558 1643862353.7390857 88933b7d8e1e92d59309753ec596fcc92c81f87dcd60003df815d5fb88c5b02a 89
1643862353.9950204 1643862353.9945724 9901812dfed7f6b5d9404382aca15340052821afe08875896b1e05d13b91137c 89
1643862354.5043333 1643862354.5034175 64a18abe246eae06dbab680f71073d5898bc8081053cb2d8f746fc3f7f1a5da4 89
1643862354.8030303 1643862354.8025253 ad6592abccf19db6924cdb6a4a1d686319051d26705dfbf0719edd020a7c3674 89
1643862355.1018224 1643862355.1013567 2189b31c75eda1bb078094f4f898808c27ef009beac22add4bcc92ee0a47c52f 89
1643862355.1981819 1643862355.1977518 fc89ee5eff0e2095e5b3c024a455858da6b8d5a95778c3df46e9682fb9c12aef 89
1643862356.210064 1643862356.209662 58310ea38bc1d0c722a00e089670bd51ee5aa58c8e394b4b23a2708a1f9797b0 88
1643862360.9049704 1643862360.9044962 f0dd0ea97222a294e3d17e43c094e347a783758ce308cb5ccea7ccd4e4d5d984 89
1643862361.413192 1643862361.4127073 04e4586f301647b1a003236a0f0113aaed16f57c6f4ae4e74bd36364d41d6cb7 89
1643862361.502591 1643862361.502173 b765fc75be8881f69b50a3442a76e4f8fb77c571f8722ab840d7d1be222dab3d 88
1643862363.2818484 1643862363.281417 12245114a2039faaaa3f5a636fec1646ccb8adc8a2232e21ab61c353f56d988d 88
1643862363.803725 1643862363.8033404 3aea7f3c8661bd103d3c899efadd4046458ec0a5b4ebb33b70beade9573ec78b 89
1643862364.269129 1643862364.268687 e12f6e40d357cd59465834b040f5524ad355a16c863269a6d4de64cc733810ca 88
1643862364.8571289 1643862364.8567212 180563d6b66ab8137df3de7389e670d17f4238bda00c57ab77c2ee099370e6f1 89
1643862365.136054 1643862365.1356208 e3cc45bb39e26db8e949cf8aac63655aff3c7f76e374d4ad2b7e7016d3292e46 89
1643862365.341071 1643862365.3406615 f61181d55107582976822fa6f9d25073832b467806e08cf6dda4ba096ff4c7cb 89
1643862367.0558162 1643862367.0553715 7301aad630c20f9bd19db9604b94d2021dc30e5bf1242179ff2c834b4dda6f72 89
1643862367.1035087 1643862367.1031003 d0181b95076f6311641dbc5acb4bc71bd72e1f16f0c75256542b01aeb31df4e5 89
1643862367.532937 1643862367.5325346 de46de67ff01f4eeccd79c9b39b1eab374125d78e2e3371f31fe12e54d3268b6 89
1643862367.6040983 1643862367.6036859 61523def6ad1e3bb240015e8b9e9455edd37bcc6b2abb80cbf554fe2ea897217 89
1643862367.8997483 1643862367.899329 41f5c08bf04cee4ce8b1b53f2151248fae931d448e4d17629da85ac6a8ba9528 88
1643862368.2109408 1643862368.2104719 e37e183323aec8ce05382f15400df4000e581612c011a5eb1eb26bc88c40b005 89
1643862368.9509313 1643862368.9505763 f3a74b3bb80abcd0d3f47772405c41addab52651bae39b5a01248c9ca0fb890f 89
1643862369.434435 1643862369.4339786 a0a5a5f8d5c2bfdf98fe96244ee1f165c6837323b886ba02b181e6ebe949673d 89
1643862369.4671266 1643862369.466728 7338e0558b5d71059d6af1b73c9a9a49359ed22582e9124898d7220df05c7c6c 88
1643862370.4822884 1643862370.4801354 3b6ef1781ebdf61958d6a5a9b614ca6e7c8339313c348937ce90dda742bf36c4 89
1643862371.2607822 1643862371.2602906 5ad2f6bb60e4d4d692cd0a687e9a7f03dc5166e54bcad62009c549291d7cf138 89
1643862371.3412533 1643862371.3408194 3e2a98be1e564e60028ac76cbcaeb7054fe109889492da66ff3be3ccf0b8bf50 89
1643862371.8001266 1643862371.7997434 9a8c6fce4f17635ce216c44c0c17dde6d3e88b401ce522f037f316cb2b63a100 89
1643862372.2346883 1643862372.2342417 7511434d779da1a77a73861f86e77e08fc76ccfa723b396c81443936bc8713ce 89
1643862372.5040123 1643862372.5036325 a3ec234907c3b8fad0e460292d8351594a9ec503b5e03c603c7585d49cbd680f 89
1643862372.5355177 1643862372.5351524 6ba9d9511b050a2d7068ed1f0c1ff92861df2c4267481e3284d81a8ed8dcf54d 89
1643862372.690062 1643862372.68962 2727dd5cc946766c8680f729260d23ca1bf1c814e5fe65999219e1252ddd3c47 87
1643862372.9163527 1643862372.9158907 490ac8bd78c384669bd5d94d67178f8b597c26ece293f1e40d4c371ae09f4551 89
1643862373.0114415 1643862373.011051 13713b936eb67d62ec84de15a195de6fa22a410a380a574315540e5ef7d350a8 88
1643862374.7612047 1643862374.7607818 86f2b1c3fa73385e6b4169164455ac40e0525f1762250c9b2e9d0175dc8d872a 89
1643862374.8084962 1643862374.8079922 89b303551ad0c5c6d0052319bd53b216bd8875bb2c6b7a2fac96731d0b8c131d 89
1643862375.527518 1643862375.5270395 80679b6ca0e28066ee5533ce4d18cd196ed61b9de9e810acd0f00f5939b1bf37 89
1643862377.562235 1643862377.5618258 052fa22c2d99f5ad27af89344df3d426dde20f6fabd31d9b8ab08e72e8dfb86e 89
1643862377.9454794 1643862377.9448493 a5f8de76beb709d8d13452869b8ee3e6f3ba20b374894d2f21dc58b6230e9911 89
1643862378.538805 1643862378.538021 a34423ebf36cf2487ba7ed12623c7cc586d70fb15ba846f41fb44667dc4a1dc0 88
1643862379.3285046 1643862379.3280933 9cd96cd74c3d33519d7e85c359820d7060d66a81002f34026ac09acc924d5e52 89
1643862380.678888 1643862380.6784482 4b44d92b61841e8928b071a4e2e8209e32b46ffbf8462ed33c5b6b1b627e3568 89
1643862381.7292218 1643862381.728734 d35dc22da27eee26b140e814020cd5817fb266e9af433d59c381b22586b6ab71 88
1643862381.8856452 1643862381.8852081 e3a3e79d50b09113c80a7233ecf4cf6c66088a7d78f58767968c8514268202a2 89
1643862382.6086748 1643862382.6081965 8c02c0549c61b520f738ece6f283bb2832416517f3fd76195d1acae1dcf2f1f1 89
1643862382.7465887 1643862382.7461753 9a723704647e7978ce3d222f3e336c4eac694bc7b95e57f8a1e9257d5b84c603 89
1643862383.336078 1643862383.3356025 4ae7042684002e631049a8aea8395860fc4dc15278ed24a09ae2644a929f54d1 89
1643862383.875597 1643862383.8752236 c49c2ce13e0b4a467d8f183717ec68fcc8e9b67eb9b9284c99f17df391383064 89
1643862384.228895 1643862384.2284698 456c7beb3b702ab839798fa310130325ed275d8628ed26f105f83502b3336f9c 89
1643862384.9095206 1643862384.9091616 35dafe7d7a9b4a68d6de5238077deb2c0ccba5a0e726f7ccd5f8563923cba1cd 89
1643862386.0596855 1643862386.0593445 d0c3d056f9ea3189d50b9c36991888887b6c99003d0df86e5032ffe369934b52 89
1643862386.487202 1643862386.4868562 61470bf0218a49b6d74d2d80d463612e958dff8dc5561385a2f26564872331b8 89
1643862389.451894 1643862389.451443 581a51bfc595cbd145c7ef7bdd1c64447286ef9d9254d1d2da09a74236c5fbcc 88
1643862390.057131 1643862390.0567334 016f5eba13393741ff007077672ed8bbe80864fa69a0784b73d2e198b7fc4e56 89
1643862390.7977254 1643862390.7972884 dff7938e6fcef74e45430e6100353edeab8bb4c5b6ae5cc566a86d30f3e6070d 89
1643862390.9313262 1643862390.93082 9838c86e97461451e05a33341511d5db43e4aa44c00c801f971d2d9758987591 87
1643862390.9351704 1643862390.934834 3bdcb54c09247a8d7eb0f2b6f85ee047a37d3dcf412d406b7641d16e06582d35 88
1643862391.4046564 1643862391.4042087 f590a04176e5266a8c4b468c07f37ab4612d51ae594a7cd90a71c1efe2fde87b 89
1643862393.057914 1643862393.0574133 e9e35cbd5614d33b3de63373c91b5e3579a356ccffe0a3d991db934c3fab5bef 89
1643862393.7888517 1643862393.7884705 31a2adf8eca011973f4db0161074dfe19db1039d8752040a919bbc9656a723e4 89
1643862393.809917 1643862393.8095243 1c23fc88bd9d8af6c96193996c67725e722e91ae70d25fd5ed3f497d4765018f 89
1643862394.3647714 1643862394.364371 6354be5a8f11a4542abda1e36ea011ae896ef80c182c06f0e1d661b202d204c8 88
1643862394.4320176 1643862394.4316525 63e62489af615b696a14c9124e7ca391b9ecc1eaeafcec2f0a47e13a255bd207 89
1643862394.659802 1643862394.6594272 959f6122742ac63ec51f7c1b4957511304a9e0329bbccd794527714054731820 89
1643862395.3918738 1643862395.3914404 8c27f4d7187cdeee9900dc96c78e43c3fe325548ece1c9aae54f97148a0419f7 89
1643862395.994199 1643862395.9909263 74810eb2ad77772ee6b04a26e2fa9317ce00f77d71202ac32adee638b627ae59 89
1643862396.1251962 1643862396.1247668 1b5fbc49883e7b66034e0731a2da4741ddefeddcc2a7bb96a75ebf81f3adbce0 89
1643862396.8747015 1643862396.8742821 f461255561fb7307d7c1bc06c48bf39e78b1cb58e9d0f934ce6e970406b0c3e6 89
1643862397.1808627 1643862397.1804004 288bb257e08f8e4669ad55af24c471b125fb0669e2adf3aca82d42d825f5399c 89
1643862397.4498432 1643862397.4493835 75809ff1c5582d960d828f3ed144525317dbff999bcf2eab75aac7578074cad7 89
1643862397.4600754 1643862397.4597564 1a4376a1b40dcb94a854040f1d23ecbfc273c7264ebaa1605b99768b8338ecec 89
1643862397.4885726 1643862397.488234 87fe3769cef0a6bae75d54116979be4438b731f9b2aa5fe7b46fce31598d8a51 88
1643862398.0039186 1643862398.003489 bd2c9614dbe69f870fbac2927577d7b77376e1e1c7179e6658155c7177898f04 88
1643862398.3568528 1643862398.356384 43cc6c8a72153b104dc2b376cdbe46ce37fc8dcf7280211e56d1684b440d33d8 88
1643862398.481327 1643862398.4807587 17622b6960c0e220be685cd86fb7f0113b4e97303fe5b23aaf701ee6235511fb 89
1643862398.901301 1643862398.9009013 f3d92d5eaa440798b6c78ce192939fa79e0148973d67fc0936c5ca7cd5ed4966 89
1643862398.9900508 1643862398.9896 1dc1f8db61fa5036c2c34a4ca37bcb9e12accd2703e875e5c552315fc4c5ee17 86
1643862399.1500149 1643862399.1496353 8e751df53d53090f5d0cfe311ce0f85fb429c78ce09b26952f192bfb7e62595c 89
1643862399.4537446 1643862399.453306 48ef764c15cad855512994c6487c87bdf94fc935ad4006b3aa2dbcd3da1eab17 88
1643862399.5080578 1643862399.5076733 1fb7b087d70bd061307d9aaa5c647f88a145b071756c2a30fe7e387451b40dd3 89
1643862399.7715836 1643862399.7712007 3de909290d3e64bc1e2fb1bf5b4a0f4c5b51a69ed14c27e22e558692ad864833 89
1643862400.0504148 1643862400.0499349 68ee259d415a38860f929358e277b2ab5690a1422b902f3dcf18ec5ea5c086e2 89
1643862400.9835768 1643862400.9818883 32b2efd2951b12015d9bb7e6d1b8bfae1b5130456b43bbd1324d96d2602dfc8a 89
1643862401.0656698 1643862401.0652685 ab92449b28ac885d45e3a2e023f77220bfdb902c5183b2df1e05eb0b888af0ca 89
1643862401.5457585 1643862401.5452802 cefe1e7484a5bebce9df8fdc3075e871040b1e1af476bd92dc0cc9d7daea01d0 89
1643862401.7217162 1643862401.7212498 a61f3e0c664cae268ff17160a5f5e4b66b43bff1c1b16f6f475ef3ab680cfb39 89
1643862401.9611006 1643862401.9607165 3f231cf936d25a64a4e3808e09bdb3a9753f927346516294303eba0151b45a0b 89
1643862402.0502462 1643862402.0498762 bf2d79f187d93e318ab2847f69866c02cf9e0578cc91ff233d134810c8bbe547 89
1643862403.0578058 1643862403.057387 c53e120eb38815c2819f0ca349932e4e1481b74eee22844ce913ffa1bfe6c046 88
1643862405.45799 1643862405.4575763 5e478ebaedfc6860805d79e0748b53a07e6856826809b0834df28f6d4d92b1de 89
1643862405.5835185 1643862405.5828338 03196dd6678b1a360878e01916e7ad50807a0fbe5a30331e33a2e639d758ab73 89
1643862405.6379085 1643862405.6374793 a6d2c679a34bcc9534635468034387d1a8cdae0db267d2b63bfd48572ff55840 89
1643862405.6610982 1643862405.6606805 ed48ba9e43aebe961ae05ed1ed579b7694b791a2ac2a90fd4a300a7ea0a0daac 89
