1643862208.9956841 1643862208.9856722 0f0f51987452a9d428b7055f94807ace09c274e5e17ca66d30b92ee0bfcf3126 89
1643862209.2755263 1643862209.275079 ee121861fd2d3c60cdafef4514cd4697d67614f7a4396ae7874f2c0166678216 88
1643862210.576033 1643862210.5755482 5fc54601676e96ee6049860a0d6e18c22065709bf6f384ed583ec9844271d414 89
1643862210.67189 1643862210.671431 c4e7143871c64163e098367376fd1c53acd6e9fedd6173b7950fe0ed5a3ce043 88
1643862210.6793077 1643862210.6789894 7d1def265695ade00b9cbd3284da970555ca71caf15309b91f1577830362e0b1 89
1643862212.0003166 1643862211.999675 b34c317f0431f8c5549244b00c8b78b4253205d1a3925b711adec08bfa772082 88
1643862213.6991086 1643862213.698653 a37a3278e06a8e2b59955d7cd9b8edf685777cb0f837f79a639dcca5b2610898 88
1643862213.9506247 1643862213.9501033 797bd0fe7b8a9db6bd821dc8c601c3f90a1aad5b04e0976ecd0317063687d879 89
1643862214.0195873 1643862214.0191488 cb092cab495236fc9bee3a1561040924487ba1abefc5968b946340db775e264c 89
1643862214.0570586 1643862214.0566537 a4e315fde0aa79de5762e31162ea4724e56c064b6e841de5f831d01006a1603b 89
1643862214.5748534 1643862214.5743885 ad8535a84f476264f3d2bc6461d495747082ce7c62239b4ea9182a8a461e8aaf 89
1643862215.0859237 1643862215.0854447 923355a9cd48ba4c514ca9a31735d9a8cad4f1150dc43e59ee44954722cd5476 89
1643862215.5103326 1643862215.509933 cf3ae2824512393a39d71d6ac27f6465b09cc7b184baba053361b1ae5a1944a0 88
1643862215.715505 1643862215.715028 8029deed075da38c02b75e2c8a2781398891c7b046aa6e4b0ff34626a565128a 88
1643862215.9338934 1643862215.933338 cc6be161d69ebbfe7006ad8af920915f113ae99553a34293067a2eece12c005b 88
1643862216.8884504 1643862216.8880033 77d9bf2f98defd39743912298adc5730f90cc1ddceac376e818c9468582bed48 89
1643862217.2114353 1643862217.2109637 3b6006467f574b867e959d8e9a7209dc0fe2e06f581f0e458e431bf66f289467 89
1643862217.9452538 1643862217.944846 2d6dba4d5f74100010404be150f6050ca31d557242190efa61ec45b71576935b 88
1643862218.458742 1643862218.4583318 e127057b8482c932c36cbe08e32cb8eb49dc9efca9e02859709b8dc5c1724bcd 89
1643862218.5277085 1643862218.5273116 b7807f6a62c97302e712564c7028cf571d94e0eee47e937ef03d52889dce4512 89
1643862218.861814 1643862218.8613799 500b1ba124695d35a91b69737a2494cdfcb66cbd2fcc0e8f6686174056855b5f 89
1643862221.315398 1643862221.3149915 6da37d33a93794f06084685f130dc485a5594ce07332f502c076c7d49aa29f12 89
1643862221.3757262 1643862221.3752944 fc3fd6ca7d038d322e97c4580c6e9808c1222791503e6f5d322b47d7dbca1ac7 89
1643862222.6829772 1643862222.6825519 ac8f95664c1bf0155f1415d99edcaf6dd8cf0f245076f05ad1a549877ad544eb 89
1643862223.5819435 1643862223.581473 9cbfa10e728518a9ca4a55c9187c7c3ffe1ab906b351e3b27cd7824048cdbbde 88
1643862223.8467178 1643862223.8462346 78d89747fb4ab41577b68fcc5505e35ff9bead1ab98917c34ffdc37bfd28efed 89
1643862224.1989746 1643862224.1985526 77be828467d80f3d6ca65e362540b7354fdae387c1fb2fcdc2a1fd46c5d09269 89
1643862224.8594782 1643862224.8590708 064f3aed8b4c4eacb87c1d8b580b661fc57132e8cebbf568da7a7ae1a7f0a1fc 89
1643862225.0793917 1643862225.0790057 112fb70a9699d6f2159648971a0696245a20384507deb2623117eda52d348ab9 89
1643862225.5560837 1643862225.555621 7c0c49c5f3620e3d2ccc699489a862883e714c7972b0a1b53c3e39440f76bafd 88
1643862226.0101342 1643862226.0097022 d3ed5ebeb4bc8644943c98a70848be0134efec1bed63a69e5c2260d88899b2d4 89
1643862227.3512135 1643862227.350796 6e747bea6ca7f9dbcb5f46b07103e648d4296f224b4ddc79e32be53a01204ebf 88
1643862227.3900008 1643862227.3895903 4b954852073a4a21397405137f91585a86732682786c0c596f656dea42b7b0df 89
1643862227.5135024 1643862227.5130754 251a21b7bcc64db50d077770badaa7c968996944d2facb00a23903c1d3eb3c48 89
1643862227.5885785 1643862227.588137 00af83c34c0186d9b6d496cd5e7a2ed87daee7ecbf278a70e64443195e194232 88
1643862227.7561631 1643862227.7557642 f49c0ab38766bac2a1982218731c7222b1e9716156c13cafe6be4ead2d6e224f 89
1643862229.5341477 1643862229.5337539 32e4a934f1713e9360510ff3470cc368086c63b6b83786b9df0c5d3b099db090 89
1643862229.9355028 1643862229.9350631 b73a47d3264f0b4f966868daa0beb382811252f40781c0e80b5585df06e09abf 89
1643862230.1113172 1643862230.1109192 0aff29473e6acb0d61ed2dd9ece20d55a6a859625d4c288881cf90016dd7daad 89
1643862231.2126572 1643862231.2122157 2e6aecd74a16f3f5dda2fa97757c42a8d1058c12c4dde4f8589d7d688fe621e4 89
1643862231.6082416 1643862231.607795 7a53e6c5bde757221731999362a73c96491289d91a9323d28cfe76a267f3430c 88
1643862231.8161845 1643862231.8157208 87806aacc87fb2931f6316ae01bc463eb6448838c4a8a6661cddcb0e6705efc8 89
1643862234.5458238 1643862234.5454216 015353025051e4c2da892a5ceba2a03451a31f1fc09decf530aef2d72c80aac9 89
1643862234.9725115 1643862234.9720538 f905d81b620fd79e7e90b8c0079013f2ee572333853dbddef5ad399d36e4320b 89
1643862235.3037221 1643862235.30333 f24328d85e04f6e6f575c0006b936d59b14ec28e129ffba06ea6494360c31ad2 87
1643862235.3712656 1643862235.370851 1823d38448f0188942339dba7f8482f1709e3d203cd1911cf400421f98f7f579 88
1643862235.594844 1643862235.5943756 c817b8a660063c93b5c5c6f3b86586f45218f5b6e9907aca082b766998770de8 89
1643862235.6876073 1643862235.6871939 5add8279c54df5bd63c259bfa8d0fbe3366962f73ab7865998f9fb367ce04970 89
1643862236.2680445 1643862236.2675533 1b504b4f2ddb0e53e4bdbce696351f5632649b32b54214afd514bc82b46e2217 89
1643862236.8896527 1643862236.8891315 137e36a64fc6dd162b34374ac65fcdc8e0a04bc06d01486384991a74ddcc0494 89
1643862237.1996944 1643862237.1992166 b4abaef4c6e1366ac73da6e424042dfb210afd5338d8e43d3e0b4e22fb006d29 89
1643862237.8623672 1643862237.8619306 4fe0ea05f9c3bbae33123ac1d1f5a897a35c3ed4acb1b67a0e1117e45d3aadc9 89
1643862238.202948 1643862238.202405 99064ddf7dcbfa48fa5e27c56631167ea966ba9b3deabb3a506c1b2e20a23af6 88
1643862238.8127928 1643862238.8122942 c60c58ccb2a423ed7363d05f8bdf3ef74a40cace2f66d94ae9cf68a89e1ebe9d 89
1643862238.930767 1643862238.9303298 50e1b2f1cfe3042ca5682a6bc5ac83f189dc9f3dfa7e6501e53865829294af9e 89
1643862240.2824907 1643862240.2820473 d482fcf24f717c6d4eae8ec7a474ca1207e996f0c72cd4eddb6aa970abe75d73 89
1643862240.6935508 1643862240.693104 dae7781d5e7a3077d9441b06e72c04b73901226f4e74dfac75fcdbc5393059b1 88
1643862240.8976743 1643862240.8972304 aa1759bcc19fa14036b6e7e3ad7054c3f65410d7e0bf565e2cb760df491e3e05 89
1643862242.014715 1643862242.0142605 7716a48f2b9ecfcf5cbacc1523bacb37d621db2b000bc802d4cba3cc0971d1c3 89
1643862242.4569776 1643862242.4565463 06c00991f2e0005d69fe035ee33ac18f3607b5cbf76dc180211714a6e10118ef 89
1643862244.4783916 1643862244.4778817 707f5482cc24f2c0acc89ecaa415bc6be37f551a318d3b6663d67aaa68f656d8 89
1643862244.816237 1643862244.8157706 c7038362db6d6f7776b15ece40472ff8ac4ed56f6505ff664375d13adeb2cf4e 89
1643862246.3423603 1643862246.3419406 85489471ef8115cda44f1ef54a61dcd3ebb1a10c28171c592f8c1476e1fa171d 89
1643862246.6274512 1643862246.6270123 eef22983a9562c0ca3e19c9ea88e636c9e6069493aa77235226851e65f98aab5 89
1643862248.1993656 1643862248.198869 cddd29cd9a40bb9f86d318125d7dfbb912053a7ebe80573c938d11c22e18af52 88
1643862248.2214625 1643862248.2210653 d5e16e6de324fb18afc76a32e19cc08e64c454190c72f163487ee1f00054a48e 89
1643862248.2421303 1643862248.2417996 51de6189787a352245a89eac01c556893b79b4b2f168f480f665fdfb35147f59 89
1643862248.3604488 1643862248.3600485 68fe73fb6388004e5a1f9a16331eaec0344d0456feb1984b18ea1302591f2e2e 89
1643862248.5047765 1643862248.504383 5d58ec73ce47a0034c4591d59aac5f88bb5bea7c36b5e2059dae798450749bf6 88
1643862248.8933182 1643862248.8928888 df3e02c1c33a3f8ec55067431ed2819d6bdc23f8c596e87fa77234bb1754e2a0 89
1643862248.9934666 1643862248.9930441 f0aa1f7e75b665e99932f334a5914b6a8a332136f0e421b6d8589379c7f3bb5e 89
1643862249.0485845 1643862249.048182 8e9280cecbcfdf8f04d72979d1862f6687fc6ca6fc126de0e44849389094e101 88
1643862249.4190133 1643862249.4185507 48ce99fc92a740e36efcd720652db36fbeafedf6eb0447fd9de9226bec6bcc2e 89
1643862249.7002962 1643862249.699875 1615fde1fb95f11d8a4e9f844e18d102b9ac3fb7b3b9d66c36f7b1dcb8832d47 88
1643862249.797362 1643862249.7969337 ec721c7ad8b1e6e07aeb7ff686e71009014162b834845db897c98d5747993991 89
1643862250.0263731 1643862250.0259047 5efa9c121624289cd513d0438631c93b66c383e76f4f28dd8211801deebf440f 89
1643862250.5565915 1643862250.5561776 2d11d40cfa8434160647f697bc470099c49df73676f6518936402cdce0d24826 89
1643862251.3265896 1643862251.3261683 1df255c5cccefda92d549e23ce77c291135bcc2879980a591319a4955dc0e3fd 89
1643862251.342421 1643862251.342016 e57e3a5dd54729becec68c2be0ed877870fc1078977d6dd539696ee3a2a202ac 88
1643862251.9160802 1643862251.9156184 ee5a415fa3c9ca10f8a50c7cf416dc6e70aad5ddd58750be47f5daf924d969f6 89
1643862252.5342789 1643862252.5338988 aa04835879cf7f41dd635b4497dbc90b744f8053c514fcfd216fa58996bc4b86 89
1643862253.0368218 1643862253.0364 9854686ef051543fe5b4612c51e361a69eb5533983fd2dcf9c9f8da6809e23d7 86
1643862253.235533 1643862253.2351067 bda1231b4eaa5ce5bbd69433fa558c0772de53754946160c20e3f0292c64d290 89
1643862253.3264418 1643862253.3260112 ce4a43719dd2840e4dc4595176fed80c2cade833d167262e6d7aaaa6587710d2 89
1643862253.364098 1643862253.3636947 2e8a889d9d28cbf809c67cdc01ba32120f97a0afe3fa6075515cc44387028d5a 89
1643862254.0461044 1643862254.0456522 41a3dd16a6d9cbc0c9ff62501f47b41f9bdc0dca50c63261988667b1ad31f97c 89
1643862254.2459126 1643862254.245511 f548a77099dc7845e83cf97df209cd0803400f627a6060c8455ec8f97945e208 88
1643862254.5763245 1643862254.5758605 ffc2cc7e849fd030ce4a1b7fc90f6bd7bd5fbd2f30f2369a1225edc09dbfc87f 89
1643862254.64443 1643862254.6440082 9ba1b666596a965f7af0c670c0725f241ae8975255184ffea976db2e7fadb866 89
1643862255.2169216 1643862255.2165008 cdd4bd3893ecc8ce20cd0effe32b4dbc4008088d3d23d24a397bc5edcfc0aacd 89
1643862257.5530138 1643862257.5526068 f23c8fc9834dcd7bbd7393b1b8dced02ec213da6404be229b8a2ef0242757348 89
1643862258.0641782 1643862258.0637136 7ae99fb35aabcecdc91a72ec92af0fec67cb52275b27f37abf93400edcad1468 89
1643862258.2044249 1643862258.2040088 537d46545e5cd5b359b05196c45aa4d3fe237e1094c395bec9158784051ad840 89
1643862258.4164748 1643862258.416025 f38b0aa9eb1aa7481643cddf449af54a724f17d297025db6648853d793f93121 88
1643862259.887533 1643862259.887095 a1233cfa1f7615ee830a6214912669b3d26fc372ea395c584448ce8581091613 88
1643862259.982605 1643862259.9822035 89b6b35a37ed37a6be4e38b5272d93357e395561340e5484901d8ddcf9cdaa20 89
1643862260.4864836 1643862260.48603 32bd25cfaae608fb563e4df270163356e7aebe5f65333cf801e07df475c1f304 87
1643862260.5302439 1643862260.529831 7cf6cd9be0486c1100eab6bc01fa0bf03bbb0d2a50ced8e6e921f11094205501 88
1643862260.8460631 1643862260.8455865 3a157760a5e3ae23223fb56c303b37bcbd5a7618d6fde5a2597a63a21c45acdf 89
1643862261.197165 1643862261.1967041 35e7ee6c12cadf178ce270c95440ee3de9e96394b54e4d2e36ec48e376a1250e 89
1643862261.7046535 1643862261.7042272 7049d52784e459c55e47f5469de670b5659aab9fc980aed4eae7678992ce07f7 89
1643862262.1552982 1643862262.1548607 ae7359437e675a615cb626dd3bc3cfd583f8b71aa9852946e81e69900a354bb0 89
1643862263.4030986 1643862263.4027371 6bbd74fadc3ed34427c9fb2b00c389893ae1b125f16cee717779edcee48a6206 89
1643862263.598069 1643862263.5976133 33028e434c945ce4b28ddcbf2088906b749f2fae059ce082a2cc6a591b3ec176 89
1643862264.7742126 1643862264.773772 4987699549dc9536209815700e26e9cd870600274f8a62ad8f4f48066de489e8 88
1643862265.525979 1643862265.5254626 d69e63b81b08a59b5877d3bc1d7e8944f36be424aa5b110bc8e8e56185b31765 89
1643862266.1637409 1643862266.1632771 1389d12f5fe77f8a98d287e188afd23134c3ad07cb50650d85cbaebf9a6f34a2 89
1643862266.6212544 1643862266.6208081 c62ceb9e6f18c8cf6600f72577bea14ab09a681e588fd2d56a97ff73edac2bc7 89
1643862267.3661911 1643862267.3657632 400d0016e58f6ff183bcd93fc3aa015fbbe909c33c9fdf1391b7bc52710a1e70 89
1643862267.9765282 1643862267.9760804 92b4df17d5064a29b551d69f6dee972d3d1429080f52a67039eebe678a061e13 89
1643862268.3164513 1643862268.3159432 6fb4b14738174f3b1b58705d3d62a7a4d4cb7bfa27d668987672239bf2bb661e 89
1643862268.9958405 1643862268.9953618 a9b4cf903106945835ed777c0359aa09ea424f4c4316264af60a1c4441ee880f 89
1643862269.3039722 1643862269.3035357 67b38857f105fc0b75bad4f9d1e9e21be50880dbcb72ab52043c35277d50277f 89
1643862270.94184 1643862270.94132 6a78f2a3d19d11a2571e00fa20a015e97ebe12631ffabf0c40b270d8804bccd5 87
1643862271.0720909 1643862271.0716383 7667c0425275c7cf07ed13da20c67d38c3fae4ff403b7670efc37e7d7e24454b 89
1643862271.143768 1643862271.1433046 79cad3860a57a2bc67c178b885f3d274937e438a9c0fa4ceb096e9cec7f7cd47 89
1643862271.3617663 1643862271.3613122 de334a2445d247429ffc553a26456942715ea495b475c77162fefcc9a40aa8e5 89
1643862271.3869781 1643862271.3865495 e3e07d84588d1cd49fcaa41c1bf9a23f276f2a8299e202ab441846fa0a59001f 89
1643862271.6374547 1643862271.6370144 52bb14d2ec54045de8e6bd35bbdfdbd776d3c731621220677f1389d43d6a6b44 89
1643862272.4961905 1643862272.495719 a85ff017a7bc2a2b5f6827f77a5467f541de1b7dfb93a915ab960c9bc6517470 88
1643862272.5300322 1643862272.52963 1cd9032c905b1a3c24b474e74b35fe41e92b92e7c88f3b0953e636c35cc52770 87
1643862272.6005702 1643862272.6001296 19816073287e8ba197e9286af0d34519581dcb8ec5c6d0fe789685922b8b8371 89
1643862272.9549022 1643862272.9543836 25f0565d15f06a7c5db84168379fdef77c2c7d87d1a76f8ac21b949889fc1b2f 89
1643862273.77911 1643862273.7786617 e7af9ed137bd6b6acaaf6f4d3d8f8a3698548b7212f2c53abcccb5a39017b808 89
1643862274.0164373 1643862274.01597 eb72af3fb5ff3fd1c952d2c0c196f8de7a6e01b25ea2c2f7bd016a195d9ffa03 87
1643862274.4629598 1643862274.4624941 1e812eab7d262b6a5d20a8a7e1adfe40dddfbabf5fc010e3d2e57ba03155237b 89
1643862274.7480192 1643862274.7475517 65289f4bbe9d8ff848f23930ea7454d816740855aa63e5a055ba28800db84987 89
1643862274.7775753 1643862274.7771046 3d915bb628a4567a6850cd3fd00882310025b49e9a0efffb30e4de25a1e7a6c7 89
1643862274.9864798 1643862274.9860227 91f98ea3bcd401d5cee5ee8a93a17037ccc1998e071be0ce27eb8bebb37e17cd 89
1643862276.2097745 1643862276.209321 7290fd9b1cbcec658690516b70aeecc1c60d76106b74a9175d5a0b0a2648750d 88
1643862276.969663 1643862276.969236 a8c2899f0c70e310d0d56656f70d94f9f47df2cf1b96d2387dd813390e5d3ec0 88
1643862279.1726062 1643862279.172197 0026bc367e49ef8bddce23a86f43ce316fe5a4c0978b0357f2fd83ddce488cb3 88
1643862279.7618654 1643862279.761403 dc645e44bd5256db0b4ec98c2d9653fa3f3d03acfe9b7319552b7513a6408b4b 88
1643862279.8895488 1643862279.8890824 096d22ff7af832daf92fc7f7287663db8b2d564bd8b8dac48a48b300a2259c56 89
1643862280.7300036 1643862280.7295458 d8de3eb14d07865fb3bd3dc7f19f05e0258d2ae00953e0640aa20d430684f571 89
1643862281.0845869 1643862281.084103 1e510641f3b452147df0c5385db76736f3d661718c111cbe66023728055727dc 88
1643862281.5891678 1643862281.588661 10d61934154a2287b78b69fe404b092ed09652eec992194feedf9cff816989e4 88
1643862282.2021928 1643862282.2017052 e3c5aca3cdfb8ec9f80aaeccb156c4504f330603c32a96c2ca1cb9a25ce833e8 89
1643862282.7863884 1643862282.7859612 c7d547b5db454a56b86a342d282af256ca1e62860e080d661139763ba8ee46c9 89
1643862283.196481 1643862283.196074 6e189bf91f81b533d32ef1c0ced743cf1d750f09658e89ad44eb7bb7ac203d8b 88
1643862283.4689915 1643862283.4685624 9069fbd5b3ad969c82ece6cd11a9f7e0a973d65ef94fb3eabc120137820f2c8d 89
1643862283.7706761 1643862283.7702436 f340db4ef87eaba202782adb4b4448898dc1d0500467c4008894e53e8cc3d80b 89
1643862284.0250514 1643862284.0246077 ce571c15db9dbdcb8d224a951e9290cc583ed3be29a7df4907ac8f0e03f2e1cb 89
1643862284.2094789 1643862284.2090201 d1c40a729d7162704d7159c2e22640a8725b290d54ed7f5f303734f09a69c786 89
1643862287.5406587 1643862287.5402172 ab765cb02fb65f03dfbda784eb62f641e44288ed6208676b6f641133bdb05d1a 89
1643862287.5497446 1643862287.5494049 33eb85c9053500176852f782afd6b35fe1aa4c974dff9b93f2f6f5f4bda96ec5 89
1643862287.7453356 1643862287.7448876 1cf574040f77caf94b64710dfe4202996786e84b0a1c83e9e5ca82a1c65a93e9 89
1643862288.203018 1643862288.2025867 6675d615c864c96e9a89391ec948d38421696350318126edb3a3e1d8dda7e339 89
1643862289.8792078 1643862289.8787513 fb88782be9e0cadc76fb88b22783b2c078b8ef4508121c4f70b958c10085bc52 89
1643862290.5875711 1643862290.5871668 73c11cff5f1c8d19d64463919a1c9d13c04a3b6aca20e5bb92221757aecb1fa8 89
1643862291.0223303 1643862291.0219634 8bbb680ac466ec3033871d7d0e4d65b9a7ca4e4cc5249afb30f5bc67d1ec0a8f 89
1643862291.209988 1643862291.2095845 2ed1716589634985e6d5d598c074c9b561ceaeab63f62a1982dcf16bf45289e6 89
1643862292.6095805 1643862292.6091497 d9b3f4f9ffc17ef6c08799c80d86219d3b09625458a5a1a643cff46d729dc77e 89
1643862293.2131405 1643862293.212659 2e12e83b7443b8fea4de9d2510c8bfba5081f63b420c8b22cc9a4df95a47ce71 88
1643862293.3745747 1643862293.3741512 683af386885e19771bd11fd3582e84c554c2541da42a1c5076e0644a15874494 89
1643862293.4204397 1643862293.4200523 73abc64631e61948222a1997ffa1593718e73aa1229398efb9437e64e40c2e7f 89
1643862294.02765 1643862294.0271997 0541764a775e419f362a8ef67d4d8c419d3d286d85fc1d795a3c3c19f8386722 89
1643862294.115128 1643862294.1146684 d13688e9e6034c4c10fb39cc04c2be960241377a1e0828c1e08b18448f145606 89
1643862294.231159 1643862294.2306983 b19cbade3abb9f4f5951829111e942a39d9bd72a9782ffc427369f29abd41fdb 89
1643862294.401276 1643862294.400868 8c9d84dc66dc5420368f86b752ae4b1a9a64ea1a3a54a1aa37eb7158f5369203 88
1643862294.4074628 1643862294.4069514 e48cc3d38b1851c852ccb15348361af18c001232e7c1647fa34c557ab537e044 89
1643862294.510632 1643862294.5102236 d44c8d82820b6f81eebf39152c0556b14c88d50a8b5c573f4cf21fc1a4ff6415 89
1643862294.759169 1643862294.7579923 cffbe412dd2ba3b2ed627085b792b6d1495e7c483fcc3b352b202308e12e8c73 89
1643862295.9836113 1643862295.9773576 0ca133465fc8264ea128e86481513c7479d06854fb3c0eb339e59a4a6816930a 89
1643862296.6065912 1643862296.6061246 0d27ad618c27c1a863d935b114431a06f3423bcb487f291da12e2cd87f27a4ac 89
1643862297.8240993 1643862297.823648 009aec5e70330c7f1ec27af3255b22585a95b399f240e714701190e0f76e9916 88
1643862298.2071416 1643862298.2066715 95155ca526314f3a8e4d5463a7c06fbf01c3ff415e386e0547c7d24eb4d2e9d7 89
1643862298.5304976 1643862298.5240161 2b1d0ee5b6a94188be18c4bb82451bbe5d9af17f2e8604ced54773f4fe320249 89
1643862298.866782 1643862298.866339 e51d09ea68879ee80986b9117192867eeeef2ec7a203e9e0879b42b3fd6b49c7 88
1643862299.4481893 1643862299.4477794 b4fb572cd83c50e20c05850d5b65e369c456c08717f55cac7aaa68b71ab0b4ba 89
1643862300.3495803 1643862300.349129 f0ac1af491865b729a2cd7fbed2907aa2f44d36196170994f2fd775920c1880a 88
1643862301.1014974 1643862301.1010463 da955750f81beab0266d8cfec6675ac3a471029281feed69b2884383f45d483e 89
1643862301.4486237 1643862301.4481728 8c1c3321fc822d3ebb509a5c8d4b97b1e75f3d63c447866699410008871bb7ad 89
1643862301.5861006 1643862301.5856602 810bf74d7c91686bdbc91b83d6f39f05bda319f4b8ad399326bf25c61651dfc8 89
1643862302.1332612 1643862302.1327782 3ff6157b3545d7bd7b2a59118113f21ce97a70d265e652b0da904c50f9791dc3 89
1643862302.574628 1643862302.574174 2bc47ef97deed1e49f8ab530439cd474aa724741a88efa876b24447b5bacf215 88
1643862302.750896 1643862302.7503417 600a483d44baf3d45db364b94ae9074efa8861d8140f66694e3e4eae91afe583 89
1643862302.8182817 1643862302.8178167 39c308cfb10b3b9f2e2cf84bfa10a56e708e2ed9a8b13ec1d68495296a7032fa 89
1643862303.2192764 1643862303.2187924 d55865011e05eba4ba0ff7700fe4b8e4ab12932033d40f3073034ff11f410d70 89
1643862303.9090896 1643862303.9086623 6fe78d7abc8dc0a17b52a8ca5013852ad21a8d1c2c910572c5647389e59f2540 89
1643862304.922564 1643862304.922066 1e07d8e6463ca18914000c9dd6b7be8912b6d281867d3cb1b898a0e2ad8bbeed 88
1643862305.2652102 1643862305.264787 53d4eb1e7dc40b5386106dd88526f08562e351584629b2de0239d355dad7117f 88
1643862305.2847404 1643862305.2843432 d02908947d310b34c48e07451034405448f52a85ec81b0d9676ad2a592d4b2b4 89
1643862305.6592755 1643862305.6588588 787f202ea1a13a75f1cc88329f305e5beb396c1964e6598a996221b9d5ebc53a 89
1643862307.160544 1643862307.1600995 b7024cc355ef1d8611997a8085ce0116570b03b2ce2d407cfc978a9288231e28 89
1643862307.1646507 1643862307.1643243 084d8c94f6c8a001bc9ea62519f098eca0b5c75fde9dbe12443237235aa7db3e 89
1643862308.5965478 1643862308.5961294 4207a24156dc97737944ad7d4099f5001aef6d04f7c87fcf832cc7fb69395864 89
1643862309.5247743 1643862309.524355 a3aa7fbac1188d75648e08be7f91520eddc5e0bc81d5e56906dabfa8ce9224a8 88
1643862310.6803653 1643862310.6799653 043569306471e7c76c3199ecd2555c184d220bb3f3473bc61f14bec01efa89f4 89
1643862311.392218 1643862311.3917549 8c4a9d739cff6e5c5b26bb3a55827e01bd5908f6a152f8995c9fe42a9b7723ba 89
1643862311.723649 1643862311.7231557 4176fb04283ecb912327805ee84faf2d386b8a8ef5b9b19bcce7ff0f2b92d9ca 89
1643862312.5948422 1643862312.5943537 107b4484f6dbfc09bb23285c8c5427932d7c630e9c4654d6ecf604fe9f35260f 89
1643862313.98461 1643862313.984136 de47fa9a49ae1524291780351657ee512aa563bede0b0f1adab85a6561e6030b 88
1643862314.854073 1643862314.8535962 efe371641056f7c108a2609ab011ca516b80620a450c8b916f0f3b58c2588efa 89
1643862315.484523 1643862315.484086 30013de7405fcc7b5e4c70af31dd2fe659a635efe6d50134e09d7cd35b8aac99 88
1643862315.935822 1643862315.9353616 c249af080f6fe0addad87d9e11b5e5fa89b2b34aabba820c034cf6781bd1cdbb 89
1643862316.181058 1643862316.1806169 e2a98556d1895992ff45ad7a260868d9bdfbcaa755f86a50eac6e7ab57861118 89
1643862317.3697648 1643862317.3691967 a763cf476106e6fa311b7e2d0fb10f5916a51d154c6c371337d4447c0531b94d 89
1643862317.5688374 1643862317.568403 80245c7c52fb48994d6df12df359e04d86d44de0c0f6876c25066e8694b06207 88
1643862317.637104 1643862317.6366754 4c3bb974ea9f85a309ca51a28dfd2ac38acf3264864a877ad83725a768940c0c 89
1643862317.801705 1643862317.8012354 2c79c80344506f2bf56539756c6bed2f44b36a7cf94420bc345d2d878bced69c 89
1643862318.6048653 1643862318.604405 8047f00d8fcf6ed1277866f2d61b2bc1e36e4358b76ed9993004968e474b4347 88
1643862319.4802608 1643862319.4798014 6a27a721a4b431664fb359286075af975d3758fa41f33d1dfca8f28df47c95d2 89
1643862319.5788276 1643862319.5783896 fce381ef5cc73e33d9491e4afd71835ec48779ebd309571dd910e9886cc96301 89
1643862319.5917857 1643862319.5914032 c14ddcd48267d846ec1ab241f8b87143582e59824a204118987e96fccbf8c8c9 89
1643862319.7973115 1643862319.7968922 e6e7f4f268bd11e9015f0802db55d08abef908304c1406c03348e6da4c221694 89
1643862319.8065321 1643862319.8061922 daff8c6f069613730073dd6555834f0b9bb3d5102edd3b290be15a6f991a69e0 89
1643862320.0997002 1643862320.0992641 6fe9655d0daf4980fac4441f1de2d109e18046d66a70c91df2fe7e62fd7bcb05 89
1643862320.13217 1643862320.1317475 fd0c2a6fc0ba028106d8aeb31bd155f99ba949eadbcdebe1464611cdef17fd66 89
1643862320.525228 1643862320.5247884 86055dd1e4a8a6e20ec6e7ab0a83bb5a06890271c1fa12fd05d0bb5325ecfa5c 89
1643862320.90034 1643862320.8998518 1080592a7554b172c97a43b05a5b0bf9d61eaac01684bbab34481b6e5dace85e 89
1643862321.8315678 1643862321.8311408 26ae919c53bc36ff4ab780601c6b94c4a9a8c9dc9ad1227840e95641a79fd486 89
1643862322.7312243 1643862322.7307463 273904dc84eb1d24e835c403a8b98d0415691c0212297525819a271bc1261098 89
1643862323.0740166 1643862323.0736187 b869a046d013ad6cfea5df1b1a9994c92ce3b8a1f82442ac199423470acb185a 89
1643862323.6133025 1643862323.612799 f36aa3ff69afb6e6ca458d2c47f05e28385e59827644711fe0e55d9964559016 88
1643862324.0446815 1643862324.0442414 5c4057c6b7708608843378386569db5ec71915c56b4579b59eadc5e4a4a0095a 89
1643862324.0900972 1643862324.0896819 3b0f45429cce7dd26f7340f60e9edef66995bc536dbdcf1d4c5e1b07a80c168d 89
1643862324.394248 1643862324.3938072 51e51dd6cdc8b8a76df287aca5a5e75fecadf00ca2e7a1a859733f3ec33c6233 89
1643862324.4972637 1643862324.496835 176e251ab682cd6f34419cdd4647054cb57ef1402664a2388c00f9f953c22a03 88
1643862324.7120147 1643862324.7115939 153f3b6b80c1ae27e17221dd8cbc00ae27cbbe924dec20da86677087431fb1a9 89
1643862324.843883 1643862324.843388 5635a8521fb9f35d811e6ffbcb22f5cfbb52dd00470cb80bb845ac6c267f0fba 88
1643862325.1351414 1643862325.1346538 de7df0059bae245bb3c5e3ae09250bd89b42a3b896796a63245ca30f1c4dbd20 89
1643862325.4507203 1643862325.450264 e7ee5497480be4bd1d3c9841f726ff4af952876eeea251f13a616f7c9bad43b6 88
1643862325.6000206 1643862325.5995824 148e2d23597c74835560e86e011e7566c39d30bc90424188108afa65dac9a77a 89
1643862325.7033424 1643862325.7028868 c8118187536abd642ccb4d0a7b1dd3bfc000b0275075de6a30e04b426d94b0ec 89
1643862325.9946165 1643862325.9939826 14f204ce29d2ba13870cb4a61ec8e73145f0346b45070d8cfa80989975b9be51 89
1643862326.481802 1643862326.4813235 4c14c210c703f40afdd9e01369c1d35bd8b45bca4d8153dbdef0b48d7bdb48f4 89
1643862326.5371141 1643862326.5366898 8dd3568b4dec2bdcf1625c8a478d7db8e5fadad0b23e7110181a6e0f3a24ca70 89
1643862326.7173507 1643862326.7168746 7076cc0319c37f0b956ab42a8f17d417351dfdf8682cfa76392605c3a9d98fd7 89
1643862327.81995 1643862327.8195546 f1375ec5e4633651fb81ba2249d49b4845c36b57ce85520fb7bd78e568763c12 89
1643862327.8677034 1643862327.8672402 27662989044ce63bcf8bc1198694bbfa9eac41527ae2c6469ee3bf7404d3c2b2 89
1643862329.3259506 1643862329.3254921 69842d778e476bed94db02cc07f8f98637cb2ee1c7dfd55fc168b6d776690ce4 89
1643862329.3613012 1643862329.3608775 3510f2eb763315b17a3ad2a2c6d97789903f89a9169df558cfbaf699a6400538 89
1643862329.5581975 1643862329.557764 30d7b3fa91e9fe9feb8bc4f3b3b8306a305b9aa12119d14a9e2154bb676f5d14 88
1643862329.7909849 1643862329.7905498 6d11a17a098cf06d802f024d1af66e201d7988c105b63f61e90e571f085e9807 89
1643862329.8036447 1643862329.803297 037aab73e0f5e4c213a47ae59603eea30d476859001125d27801aae7f9a654f2 88
1643862329.9886658 1643862329.9881537 9e5c7b62b02a02b6a58151f6ad4ade3b9055fe9efbf9c5d2390575ec3a8eae48 89
1643862331.139176 1643862331.1387136 bb829c6dc427ff23471d5e056cdba5d87ba7712cb522f7c4a1979c1ad33d8d67 89
1643862331.1952455 1643862331.194833 f308667f48d3dfb1df0b3c3f605845cd81ffa5b0f3b08d3a965179c8b18fcd01 88
1643862331.2350333 1643862331.2346306 7905742461c1b1fad643aa31aa7abe58e90ec31dcde2c57935e69f1820171bb1 89
1643862331.5310025 1643862331.5304978 eb3c1692540964a392ee341a53e78deacb3d08f9a2fb6dadbfdaaa6d16c4bfac 89
1643862331.6530793 1643862331.6526005 43d097410d69d9bcb9f5f6c6ccf5eca6c6cce9079425fa7e44f7128e539abd41 89
1643862332.082397 1643862332.0819223 581b3c36efa7f5926283b5e456f69c9893fa086cd63da5478c289f32dbb7904a 89
1643862332.60953 1643862332.609067 07bedcbd18894b6cd535271d62b1df0077813b2872b3e6455d75606aad24283b 88
1643862332.930653 1643862332.9301867 27697a5551fc317e6ba87f1617e7e245bda01f1918c85a828ec75108e1c7cda4 89
1643862333.9136505 1643862333.913176 8ad4473bde0673ca7039ad5c204d09ef4f2a04713ad897a9632605e749c05630 88
1643862334.22134 1643862334.2208238 a48a23b5da2090c0eeca490bcb6f1daa3a11aaca2e5e26cfc29ad1e7c20c1a1e 89
1643862334.4875262 1643862334.4871142 085d614090350e136f20d1fc6492604e7df5b1618a07eca7c9316b95c278ccb6 89
1643862334.8539233 1643862334.8534315 c66f6b1a4cc84fe100099f421f51149dc10a8bcafddc0016cb71a90c21917607 89
1643862334.9295197 1643862334.929066 6efc1d87169c0de5aac51b0e1359c63399e4528184fa2cd07ef298ee82c843ae 88
1643862335.0268233 1643862335.0263789 3c98496a3858c12c937ad0e0b04da6927a1481231c654eb891158f7fb6f9a399 89
1643862335.7678275 1643862335.7674074 6eebc709f1e1cafd9a658aa1566ec0518c3fcb2eb5c156d1ebfee2daa935b9c5 89
1643862336.6217318 1643862336.621275 33ddfcb22a1af1a64baf46d1656e65a55ece17c94a108ef228e6f4e022c91b66 88
1643862336.866339 1643862336.8658957 2c62cca40dafa7f8b8ef1efd6245a87674a55b4839ff3c040a26eec708899c61 89
1643862337.0946493 1643862337.0926228 8108766c6320057b5143c3ce541c1a8ffbd43b62396f320fc30404db4ee3a396 89
1643862337.3271458 1643862337.3266919 a3092bcd38ba5bcb05426eef68828ec00d1034cd183d6de3e0ac1bb3d5b01e1f 89
1643862337.5744505 1643862337.5740416 b4533f36dba22025e08adfcf72f8054fe60442b3c1f1883d54c8cb9040902cf2 89
1643862338.5804977 1643862338.5800343 968d8f90b83d6087f009a4c1da3f6a1082e36f7e6542e4a91b77dbcf60a975db 89
1643862339.0986145 1643862339.09811 8c3307593eb7d5633664c2a9524ed706cb23c4faab6ded79a1118ebca8c186cd 87
1643862339.2400944 1643862339.2397053 48223ea3fda51395f1eb1c4c4dc4f3cd80aba3fe6ce54e4d8b383eb04fd84289 89
1643862339.6375074 1643862339.6371026 1f18bb0cfaae295491b8c8ec73af50b48f6d3633c92565d9551e2d893105b61e 89
1643862339.9861932 1643862339.9857812 3f774b81b1bdb556d586fc1d07305e1dd29a22844a3c7900a856e62a0f54df99 89
1643862340.9011302 1643862340.9006474 5257cfe9a7de91388e282d8a01943eb868ab9cac404064b7f5342c894cfa62f5 89
1643862340.9469137 1643862340.9463935 23dafc6ab88ca417dd336e95a7449ff565d0d051ea1b6ba4f2ca7cefc62e196d 89
1643862342.3126929 1643862342.3122227 b9966f407718ef87d42e0f5a6a92652ca94a3adbca65912913dcda81271239bc 89
1643862343.0691514 1643862343.0687518 5524dbb78f57fa83fe263d73d80c6e708bd6c966c9752ded81aa410bf53331d6 89
1643862343.5285149 1643862343.5275297 4db7c18eb00b89193e8c1f7d858957a4ef6070a0d440f380142d5cf8ea752faa 89
1643862343.8828068 1643862343.8824315 8267e06eddb9d81637e95da1365c3a24a6b05a92ba4af59a4d78d887c57b739d 89
1643862344.1219316 1643862344.121411 1f63d7ade0518050fa395b5fe21b0462f27e8def59cfaae9f7d6bd1947df8adc 88
1643862344.1442974 1643862344.1439085 b99b23ef055d988280ea26ca1618605af35fceaf669be87e977d6ad7967db883 89
1643862345.2518797 1643862345.251477 e3edffb54f19c0dfbd95418686a4ea53b116446eceab2177238eec0358879568 88
1643862345.6827796 1643862345.682296 65ad94268fbfd6595226dbdff6ec172114e35a90f191aca7ac71388e1037d4e1 88
1643862345.8518255 1643862345.8514142 b0d019edbad23703343897dba1e4d312757ea3cde5d021e64131cd630644876a 89
1643862347.3368356 1643862347.3363597 e04d6b0fdb74255a216806f345207e5736d8eae7c2b7ed82d430b374ce23d5ac 89
1643862347.4165268 1643862347.4160562 3e8709633452d648e7d0c3293503c16c07e3185c3b13223a78e78f38376c42e5 89
1643862347.6179667 1643862347.6175628 20f07ace724ec8c007cda1f03abed67e246b3de1349c58709ac12193cc2ccf1e 89
1643862347.6650925 1643862347.6646743 cfb22ab55a2fb57b2b79f73c765f26c8414dc39131b827661971532164056821 89
1643862347.96002 1643862347.9595733 fd5832f3b0447f12b48090c792d2cc9627a1e754c134db89d9ef72a431b11d12 89
1643862348.1897082 1643862348.1892953 6676c4d818c104c4ba6b28b4abbf8fb2b5ae95801a7ad198cf371bad5fd86a79 89
1643862348.4612985 1643862348.4608672 d03b7ff060fad5f5d541d7596cc25a5d2f4cacdaa9b24f37286b419fddcd8ba2 89
1643862348.8224442 1643862348.8220482 f311e7d6cea7d3fb9bcabeca4a038233650f362f13a8bb46e924d383e34d066d 89
1643862348.8416502 1643862348.8413076 c17c4ce7db81cc00f2e37e3a41379c151f4b87bcc0d1eb60d297950096f3fe13 89
1643862349.0067244 1643862349.0062346 2a57ed9dd353d322a3faaf36326e484acd28fc1336047a298a005a40f35c75ba 89
1643862349.0632632 1643862349.0628624 1fe404d37b03b3d1cd48734a86e2eaf42ae8f65258b42f7bb14786110f1170dc 89
1643862349.782196 1643862349.7818034 f8f292a02b4054d6204702866f7235a00f18b6f5189fec55b68e629c979f1a7d 89
1643862350.2119448 1643862350.211497 7d1c2800e4645f08dacacaaf6e18a7ab823a65b7020bd04574b0196f3eb4be3c 88
1643862350.6179645 1643862350.6175463 7b6cd9383955e7cccb20b426665596d1f2ffe8112036a05ba8a576d6c8efa9f3 89
1643862350.8064032 1643862350.8059626 da6ae67be594047fddf2c64bf2984251153efd278b2991c0b78b9f5093117d91 89
1643862355.2800324 1643862355.2795737 f8f061ac4aa60ab5debf25c4a24aa292c85d4ba7ca29e9f8ecc969f0266e8778 89
1643862358.0005229 1643862358.0001054 e452caa119607d449bf2067f9dbff6af0bfa5af9c348454d7455fddf249ae4bd 89
1643862358.15733 1643862358.156875 d3b8aa89d4b6b6ff99db34d7b47704ef62cc3be0fbb6c30a0691492fafbaa74e 88
1643862358.4330783 1643862358.4326525 545dea71282947891f7ece4be6346ba43836fad09e7ab2569b6e8d4086ea4bc6 89
1643862359.7335162 1643862359.7330937 a505e2127357d44e08f5167c654026291c17fca95f05c6eeedfd1a57febd914c 89
1643862360.2277107 1643862360.2272487 22a3f82a6714bbf7dcd1ef84a3b73bd3d3d9f378ecd27559f5b5f7cfca4c0a85 89
1643862360.3754478 1643862360.37503 f5f2116436ca7ec6ca7dd8a15991051d2be1aab000c202f60e8276a047c3393f 87
1643862360.563652 1643862360.5632477 c26d0db29f74f83364c80dc81233157b369c8ee184c64b4253ef978093f7ddd7 89
1643862360.83871 1643862360.8380902 99bd418f74d722eb8e8281c9eecda37a9eea15a430f706b5cdf98ab52e4f3696 89
1643862361.4911895 1643862361.4906614 30f42803f8eee2b7ce9f3aa17013db98aa19a4962e09a2a844d32d9055e7a456 89
1643862361.645325 1643862361.6448722 34915138744b36b7f2bdd6fb5607129924d985371021c8625bcd2e848c2d13ad 89
1643862361.6766613 1643862361.6762838 80b76c7d2acfff214332e6530dcf2d340dcdea873b26a00ef2d79004f343bc5c 89
1643862361.717064 1643862361.7165873 241a87d12f2cf36f2728130fdd57c2169b79114574bac03673aa36c70939b002 89
1643862361.9155607 1643862361.9151103 0f94b478b429631945d8ecf6a3d9476cf86a551d5fe8bb2014e224e15982a391 89
1643862361.9630194 1643862361.96247 b68c3de44a6e229287b328c92437206dfb0f5505401bb2a92ab220d8f5dd2c85 87
1643862362.6820207 1643862362.681577 8a1867592c6b088168a520355fac08fff037dc3677e37aa69233e007e2a634f3 88
1643862363.000906 1643862363.0004768 58893f99551a89ad52ea7c0e6d51bfbb56dcf54f1a7f5d6e280fc11aefa16b7a 89
1643862363.177744 1643862363.1772962 8fb4908c9067f301b0f37e7b9269351154bcd50fc653f950796313617afb34c6 89
1643862363.9190226 1643862363.9185815 35382ca6d292e19dd8ae7ea9240ec6069b73830da466e1eb1939009b6490db49 89
1643862364.1271942 1643862364.1267295 209bb3e5ea87ad961413109b14a6b1a2d5191c98613ab7ff3bf80c039c51c432 89
1643862364.3899992 1643862364.3894675 7e53777922129d280be9b7e90354ceea0a8a883eeecff31b65a9d0c5494b0b78 89
1643862364.7791352 1643862364.7786634 5ad7d532e2d1de75c1eb7a679be3627074e4406234cc81ecf64b919fb81742a8 89
1643862364.9039557 1643862364.9035585 2e8525448d2dbf58b3c577f024d673193566291092f9909390917f9341b9c4e6 89
1643862365.0761075 1643862365.075645 89f08d29b7a74b92bcc2072703a624645dc843b1f082e2b47ff61e5cebfa2a0d 88
1643862365.530632 1643862365.53021 cd7296351cd5d7dd8fa4a64972ede4aa630c60291297f7f01b66096ec2542053 87
1643862365.7789485 1643862365.778477 444b3cbd21224202616b800bd7cebed6a89a0d4271ff6b7c97b38e9f6c76279b 88
1643862366.1909788 1643862366.1904738 7a90030aac4759527f5b937fe967a6808c11cdcc770a0d0dac4da8569689396c 89
1643862366.9067147 1643862366.9062512 dc624f7b48aca8353275cd7f135264f7c6e5695ff727a9a05566f704e2dbdf81 89
1643862367.0469897 1643862367.0465446 93e8491e15f1955dce19ff16f3a5f320d51a2e14c5d4acc3e9fa1f3208029372 89
1643862368.8774738 1643862368.8770509 588d7a3bfc49858504bb37e8e95772827a0de01c46768d84adf5ec35b1c91601 89
1643862370.4962416 1643862370.4958434 a9713e48628812659544ca4ab5eaedae365a56ea8125283eff77a2ae868655d5 89
1643862370.6613224 1643862370.6608956 7182a21cd8e74e3437c08ced4f5805c0d637a409d4180f3148d15f6d156a8ab9 89
1643862370.8096907 1643862370.8092692 2027153c6153910193f0fac44085fadf8abbdb6e433bee32cb8ca78a7c2e7b77 89
1643862371.1830301 1643862371.1825874 e3cdfbe8455454c16741c70d8a6ad3e09fbb7651091a9cc549b774bf59aa60cb 89
1643862372.0263388 1643862372.0259247 c9a9629e86a43647efdfbc669e347dec4fbfffec48b12247ad8e33078e270d1a 89
1643862372.0864165 1643862372.0859792 e91e89e20b5a4d8f4fd028ad6c0cd28af4ae1d0ca62accf93562d726882c13c1 89
1643862372.3936646 1643862372.3932195 698cb9a616c3dbfec3c1c50349ccca11ce6f86f8064e0a79825af9deedacccc5 89
1643862372.511147 1643862372.510759 4eff872eacadcbb0276fce5a09618375b51d5c4ab4635260266a882992d911cf 88
1643862372.623879 1643862372.6234128 90a5fd844336de0b112aa8879f202ada552cd74b0bb096a023254f86a3d178fd 89
1643862373.3325815 1643862373.3320937 10bd7f7b73a979b7dfdd69bf79470cd1fd748dc0726f151f9727f7e135b3d2be 89
1643862373.7207067 1643862373.7202523 b07e8f9292fea6f8f00f2a9fe3aeed062ab353cab2b0595e1dd8c0906a6455e5 89
1643862373.7273612 1643862373.7270145 59229899a7921e4a7a5dfc0df1c8a1a4293f5cfd073476a9154cc4cfb53a94c2 89
1643862373.8311708 1643862373.8306983 b02ea496354669b21dc873028fe6d9c7ef93956e643f22e09f4b9379ce341c72 89
1643862374.155026 1643862374.1545427 1870460500635cdcd15970e6b9ef3194fa5de3dc2a105656626deec975565502 89
1643862374.2109432 1643862374.2105432 2320cde829c61eb54339c18ea6be268b6c746bea03b52612b18e61eef0e62cd2 89
1643862374.8429887 1643862374.842555 68d5c253f6e1a0866cff0f964b903b886c89f0a5ffe5daab7ba78e84be24d72d 88
1643862375.8088 1643862375.808362 6f15c9217662297a2b64c7f66518f45dffff77ab9faa08ae60c15ba780b640cf 88
1643862376.1090434 1643862376.1085489 1fc78eaaa6d0d49a8638df8064d85078b8b2ae972102f429c5c48ef27b3bb13d 89
1643862376.660128 1643862376.6596138 f3f782843fe4988770bd05eeaa86b8438c69d2e182806677ad160806e8e3558b 89
1643862377.631946 1643862377.631543 9e0e7d346dbcfa23f6ad29f1a232b9a44baa095a1e40593210d78405452c0c21 88
1643862378.7062716 1643862378.7056239 f1287af44862ac1ef0fa5ff6443709e748e498650627af1213fee340e2e5072c 89
1643862379.2530437 1643862379.2526064 fb0aa4caddeaee941e3bc2db494f022966b55ff2a8d27248b95694dea3ddf89f 89
1643862379.453558 1643862379.4531384 467fae3393c8d5cfbc35352a81a3a7cf4d5f04a4a2be3c2fc125b05812467e15 89
1643862379.7984176 1643862379.7979188 47864afe0ee8043543ae1003293402c38baf2bd489adbe40152f996e831a0ee5 89
1643862379.8577218 1643862379.8572867 99e76a6af4e5739aaa4cf514b3480d0731e7453747f7555ea61b9c6923b8842d 89
1643862379.9083538 1643862379.908006 c9f256a3cd311ddebbc24b58f7a3ee9b594f967321ea8a58530146d5c26dc121 88
1643862380.2112105 1643862380.2108312 b16aebd371736df3e4edc658be2bf3fd2eb3a4bd7bc176c4699f4766275d6dd3 89
1643862380.3776488 1643862380.3772 3b1a0edce1fd4bd1ae2bdd0a4d09d1e4e80972f03058ffa69703dfcc24ec605d 86
1643862380.400988 1643862380.4006104 7dfb748f1c7b102331f2ee5580beb431bc7ce7e4372c1bfe98a8af16bd61ba00 89
1643862382.6943915 1643862382.6939437 7cd2fe1739bc68f20316f5d5c932df7b55544b6e0c6afcec5e52a4f827fca519 89
1643862383.539025 1643862383.538526 a449654e9668678ea239d642e9199378d050c3e85e98d771fab6c47452939618 88
1643862384.3543184 1643862384.3538587 681639e8d1bc05cfd5e246754f27e33382ac44ce1f350e5728e78cdb1c04aa07 89
1643862384.435821 1643862384.4353049 d1d36b6a92b5693f4b9add08b714bff00e5462cbb14f41e0281070a44a732723 89
1643862384.4476137 1643862384.447236 9c6d8129d2ff9048a371c6cad0a8c53f49a961713a71fff08faf69fde4ba806b 88
1643862384.7586024 1643862384.7580986 c50f7b795759f50f00bdb30b753f67a2ddc5ba26c56c8954fe4e3294e1de1abe 89
1643862384.8743105 1643862384.8739026 96851f57c9e8ef0236bbd1851236d1f785454d6a2cd086ec35568d7459d4eac5 89
1643862384.928222 1643862384.9278414 8cec5fd55fe1b8f8d33a1030223865f808b79aeb48acf0f7bc551003e0389dd0 89
1643862384.9586556 1643862384.9582505 cf620e82cdc21e339227d5580d56cc5b720a2b0dfcfca98627b7519b061c1715 89
1643862384.9658246 1643862384.965506 ba02fb6ed040c279a17a6891e00ec4b41b92cecd5d3f64a788b9309cd37a186f 88
1643862386.0332263 1643862386.032727 21a437e00ec19b3a699e25535b5f280637b925594c9f9d19ef7c6d7390d16c4d 88
1643862386.5929892 1643862386.5925803 7e651baf4c317f6e827c61141ff92c058df31830b3aec3223f7ff5bbf23abc03 89
1643862388.6302729 1643862388.629824 8c4c125887c4facc366a1ac15d5f3ae9632d827bb7a332d7a271deb83d5b4764 88
1643862389.8539658 1643862389.853553 9987b3b5633597f6a8661149d2e13368da3025575760a7073a297955e6af44a3 88
1643862389.8706465 1643862389.8703024 2cb23068bae38f7b325e64eae117b66dc254fa5947f1e26a1599c252de7e7844 89
1643862390.385288 1643862390.3848157 0a0178f7f89b332efbd0ae01c0d519567594b94027d8cfe0de96dfeffb74637f 89
1643862391.5595098 1643862391.5591233 a5e9d0a0cf01a9d06c5f1b742715e18f73f709e6763a8682577aa554f118dfb0 89
1643862391.7633235 1643862391.762945 014e5bcb47e5fd000cf58d35ebafe14c6a18b37efebc88fdf17b87740945b4d0 88
1643862392.7438223 1643862392.74329 229054fec7fd041dd1296c707dc95e86fc3877b29c66b00d02ccf8483bcfe71f 87
1643862392.9221463 1643862392.9217763 e16a882202d96883555d6d9efb483ddbc052991b09981343c6f95b7103fe6f04 89
1643862393.3332174 1643862393.3327582 410064cf74d12df3a24c7170ca4c91c708e4adc8de4e102e77d0aacbd256a7e7 89
1643862393.9676821 1643862393.967209 01b66615c3a29feec965dfac733954fa2d9663c8ddc5006475a7bd6243302bd5 88
1643862394.0167477 1643862394.0163474 5e5a14f08c0b1b2b1adefe832caff1f833dfd383add800090748881061dea06d 89
1643862394.647839 1643862394.6474392 c4fe95d7fb0f1d7e4eebc7dddb85d4c3ca2c45796fc427f22e1845ba535aca16 89
1643862394.9861107 1643862394.9856675 d5cfa64ad94e43a2f520db185c4c6d3d8132ba4e49a8a65d83a04fe8180bb252 89
1643862395.1902025 1643862395.1897366 f6b2a9b0e03b70153486df6f862730c4b712fe99551a91b3678df6740741c9cd 89
1643862396.503631 1643862396.5032177 f1c81c2bbe14dadb28a8533d60bf5e546e40d034da1cc673ebbd572b126e29be 89
1643862396.60599 1643862396.6055481 2003d3db73db22a14e135dfcc25e92fddc33c77d753088316fb56088c32affd7 89
1643862397.0704036 1643862397.0699468 101adc3f6b468aef4b6e778e85a55f162d476168da0bd6ecec98b97bc7db11b0 89
1643862397.6049755 1643862397.6045861 7ae41726e1587443cc47209bb98a8fdc92d819af9a804932b4aecc9b087217f1 89
1643862399.0955276 1643862399.095084 33ff5cf242c7d5496368b6b49b084d5230a0a2878c33a99e9c05c93ab30f83b8 88
1643862399.1353161 1643862399.1349247 d4282de70e250b64446bd743432dc3e0d32cd151b39bb23f2a7c8bf33f71b2c7 89
1643862399.4825983 1643862399.4821594 42514ae598c3986c035262fc3bd0089ebea706621f7ac3019f21242f38f348a6 89
1643862399.5088832 1643862399.5085137 4274803cc2a4c241676dc5d961978d9b9628a88a7745e910cd6b14544ecf0fa3 89
1643862399.673326 1643862399.6728542 f4e436178b990e7bdafe4488e701432b25136c7b317aba5cf551420e1095a612 89
