1643862699.336138 1643862699.3351605 98cf99d6ed5186630401810ca4cd8067b17ed4cac886a49bff4a7d971b2b373a 89
1643862699.4562504 1643862699.455941 a8488ccb304da2d3acfc354f28727020a3c18e386aedb6ad3371e33a22a444db 88
1643862699.8991299 1643862699.8987694 12a06ccec7e3ba04fc868f588827b6d23b0d0f1e3b3ca082900ef40c304f2343 89
1643862699.9256659 1643862699.92528 af76e6eb47e2eec9d318da2775b29749785badc1dad5a40014caab7b02d8eccd 87
1643862699.9536376 1643862699.9533236 95b0ca22abce19506c5f5bb8385e6fbd2e09db4dc58f24d24ecad934658e36ff 89
1643862700.0280647 1643862700.0277874 5dde9c40d869f1a51420f1b787fc03998e9a630e727d4fba2d5246c4bfcdc9fb 89
1643862700.271856 1643862700.2714884 7687f025bf17365b4a2373dccd7c1de726e1be8721a378095bd2f07196649ef5 89
1643862700.3438518 1643862700.3435361 097734eb520d5c1c7da90268a0891abac0e026af5571fbef8a7ee82aa90ada4f 89
1643862700.546225 1643862700.545866 3617f9962f02244fff76c16b899d1094857f3919d4da5b40a3e4a38ba6a0c519 88
1643862700.897648 1643862700.897318 81242a83e3911c6b208626fe90aa56a03e9d57a05e581b1620fc8c19218437cc 88
1643862701.488254 1643862701.4879289 9179457dace28e46d835fe89dc2566627adef20569593f72ce81115aac36180f 89
1643862701.6936057 1643862701.6932757 d7ceb223343857ba59fdc463eade1cb80ed13838f5486735dc1e15787eb5d830 89
1643862701.7374792 1643862701.7371333 ba449ae86d18f81674e66dbba747b1b04735f1d1584581ef2e4039c27a920552 89
1643862702.0112176 1643862702.0109158 22bd7f95954ad7810c24a30a48ba9bb2af45b758bef8d7e28856b260a5432108 89
1643862702.0631905 1643862702.0628798 f92b3bbd9fac5a3bec785466c4cca106c2e9579b5196844f69acaf952dfd911f 89
1643862702.2937195 1643862702.2933931 5f2b4adc11abe3d6342f0a24fc5fba06cf451a5eb8dd8e37287cf9d6cb1fb155 89
1643862702.5901914 1643862702.5898135 15dd6942e43ae0c2e4ec216790edec105ead2712c8555ea2a5ffe6e630136639 89
1643862702.662047 1643862702.6616752 f5c08bf7a7dce90d3b6afe8d155773ffc0a77863db33ac7f2fb7b19615bf2e77 89
1643862702.8331017 1643862702.8327882 13e02094312dd84fca9c824e4665f322f9e809db027a4af1111ac26a05b3f961 89
1643862703.2716508 1643862703.2712379 13145a34dbaf6d1590c7005874692c84a7444abeb36df9d5a77561b56be50f98 89
1643862703.502346 1643862703.5019653 d84e9cd7587896bd7efb81eb63deb7acffc4fa72be627a6eed4fa3a79fe4f451 89
1643862703.8141696 1643862703.8138628 ff001fb88c226da9b81e850342492288a4ccabbe7552a23bea8e99bb0ad0022b 89
1643862704.3062272 1643862704.3058972 23d55b0e15c65f9d8b5d0455b9ab5972e687d3bda0400e5e445124f04384bb08 89
1643862704.3523912 1643862704.3520567 92d6ae15b66f568043782bb8999eac868e0c46a65a42e314b4f11ec9dc689620 89
1643862704.5515797 1643862704.5512407 711abe9253e247652c06c745611f94b8d9cb824f302350502d99fdc2545845b1 89
1643862705.0487409 1643862705.0484006 c465b37ba483b15425cf0e95e5a75a0c4eff841ff265722336909c874c88e94a 89
1643862705.0603251 1643862705.0600457 32d5db3fa6c20711c4d152f4035a8631e1e45789a122f129700f33f4ebdda4d3 89
1643862705.1459765 1643862705.145677 4b14aaf7ba422003fada849f9fe5a640f615264d5de726d50944e81df890552e 88
1643862705.5242877 1643862705.5239413 94bb55f4b94a6359cfeb35d0f24ad7fc94379579972f1bcc02552a4a82d1a11e 89
1643862705.6709359 1643862705.6706045 ba2956b420a5682ee10e7d93c12459775aa24d57ef1c73b8513f2ee985649ad9 89
1643862705.726169 1643862705.7258778 e15954951651994ea53da2973d15e35576ab4389f58afa45715956ab74d4b7b8 89
1643862705.912007 1643862705.9116116 4b35bcb90aa80eac1c84a5a4e3f67b26857738da55ebede90a2f492067312529 89
1643862705.994017 1643862705.9936967 846070ef5030293e392775902f1e5cacb652ba58ea27acbb3579b935481f5c3a 89
1643862706.221347 1643862706.2209904 24c7099e162dd8a7e3939ed443a4adb27a8cb46c7c0b4da6954de1a17de2e872 89
1643862706.2696881 1643862706.269377 81c0b8730292498df6a49013312ad223e6695082686547636d9ff008a518d060 88
1643862706.3705 1643862706.3701699 8cae392c9ed3c0434d1dbf2539a518cde068aee9351ac56cab14f649254d65cd 89
1643862706.501099 1643862706.5007567 48f8bb3a7d9ab0e27d3cc67e2e07b7420fd9e69d6be4c8478449e248c82141c1 89
1643862708.1955285 1643862708.1950934 181335fc933f10b8389e064dd8520056a339553b02e49e79031a8166aa1b124a 89
1643862708.6934505 1643862708.6930668 0e656d1879da9b9ed19c195b4f9fc4ba526ae6a416b69fe72c3e9ceb0fab53e1 89
1643862709.464676 1643862709.4643247 09c36383aafaa5f856e059da614761ff881a60927fe188a728185673442fccaa 89
1643862709.5401103 1643862709.5397975 dbf88c14116142a29f6582cd07d2cbc328dbcfb4e9e411aeac005e89d44b755a 89
1643862709.7053514 1643862709.7050312 5c46494409c479b95775df444d9f0085174975e550138207d430c8bacb097184 89
1643862709.7579684 1643862709.7576568 0c6320d846e4eccf7bbe21df61ed04993995cbc07f391a0fdf50364a9086a537 89
1643862709.9297967 1643862709.9294624 75d58e4945b638f5a7e2af77545a4c90ff4e9afcdd1370a3b8bea1fe8412bc52 89
1643862710.0428052 1643862710.0424252 7982a539627f13398a889fcf9b66ea129b719327d000bb2483da6187f4cd3d9d 89
1643862710.4302702 1643862710.4298983 c5799e6ee6abd0688091bd7922916ef5360dae9aa56b63439bd31b0938a86323 89
1643862710.5061016 1643862710.5057564 05eb61de440328ca084c98a303b2e4566ff88fce79e7ae743ab465f109dd2a3a 89
1643862710.6983716 1643862710.6979926 127482020cf034b8642c2ce7075b82944ce9f024007825cf8a13557ef61294e2 89
1643862710.722459 1643862710.7221284 16fe0f68cc59487b858d2fa0063b39359a9c6b7018fa59fb0a6bb6277586919c 89
1643862710.7274683 1643862710.727248 a70d05f27ab13cc99def3f20283c3a934af94390dc34fd86a6ce8b21dcb99acb 88
1643862711.2873266 1643862711.287028 01036370d341f89a037e6e192c60ca84e42ef3615af42abef7bf72c17dec5553 88
1643862711.4789143 1643862711.4785671 0d8decd0bfc80c5dcb5f0ff49dac5db7a1c5cccc2274871bb963fc283a17ab25 89
1643862711.8811967 1643862711.880856 57b2643bee671aaab00cf1d77eb7040f12049fe5ba90ca160b0847a51ee1fccc 88
1643862712.015514 1643862712.015181 c4aafabb1fb31f04987f05b09289d11845ec857f21bfadab4f5f74dff528efe1 88
1643862712.056404 1643862712.0561147 3517f5fa4974897d428424415c880b2048a845a8e0e47f189c7b9a8248654ee7 89
1643862712.0614033 1643862712.0611596 dd4ec8c9364be7a2d71ee21e6a782856d36ee8e1e95d16dcdb9a6ca8f9a0b95f 89
1643862712.0763078 1643862712.0760844 9440f4e705d31384e328f8d3093f62a846cdde2964489001c903ada33b59304b 89
1643862712.1014783 1643862712.1011956 8a375a5b666769489394842dd8fa81a3e3056a23473cfc7ef7b6382855a9e31a 89
1643862712.3100967 1643862712.3097713 6d24ece1355c051dac6daf8fac156f87aa38116e394a3e50e21da423c03d97e3 89
1643862712.400293 1643862712.3999338 cc62b199fcfff346bebe53834bf88ca4df238cfbf8cb59ef6ac1404e49f1474f 89
1643862712.5287385 1643862712.5284324 0ea89e059c81f0251d0ac76b5542bb9d8c3a225df443f9aa502e26c8b31f0d95 89
1643862712.7081535 1643862712.7077928 e7b42c45e6835dc79ffab711b0aaf82007886846d5444d04ce2b2518dc79bd12 89
1643862712.7129192 1643862712.7126765 2f52c72ccd80ebfbfa3a4817dc6b214e0c7f59e0d491f6464e5e65fe1188a135 89
1643862712.7243433 1643862712.7241259 621591bdb11484e4e4ce9228f3cc2ea76447c43f6c0c0e3b10ae2dffb8df67e5 89
1643862712.7656171 1643862712.7646184 dd9c40fba4c0ccfbe630766fa7e131530bdc633ea106de4e16b5b4f70202b7be 89
1643862712.9042337 1643862712.9039235 369aacb44de60e09a58dad9fa208e6d9ce7ce14b317eebd6a92e6ef6d4d30ece 89
1643862713.1785069 1643862713.1778357 4458e8e6f2272c1d7706e184c319e237f2da9a8805ffa29409fd814a0eb99501 89
1643862713.379482 1643862713.3790767 5fe864e89230c37c9d130f1c090457a37f9c3e25f35f6e78407f8daba3461c88 89
1643862713.39266 1643862713.3924024 8111a0c58f98362fa553fb2705c6563598146ac54eef8f48a59c80791292e504 89
1643862713.4223351 1643862713.4220572 7ea7b9365bc6e02807277a4104a90822944e7fdc132239792de98bd47dedf9da 89
1643862713.527601 1643862713.527096 01580ca547665011c4b167e8fd6ed27286865d47d9f2c52e23c5888492428c55 88
1643862713.6697028 1643862713.669328 ca783a5d9a16a4ff762c9c64291b1563fa414d130b8a936658de6c7a94bdf4fe 88
1643862713.6974187 1643862713.6970928 9fcd8bc118394e13724a9dc95173e08e7a96184f81d441733cce310d55346dab 89
1643862713.8885012 1643862713.8881774 eb8160228e81ed7785c65971ca290875a8305614e5d16cf97b39048bf8cd5cb1 89
1643862713.915211 1643862713.9149632 f98eee46c54cc27cef5aa853177b17c91fd026582e7769e9ae597b217b0db8aa 89
1643862714.267915 1643862714.2675526 cd10490da74bb96ba8a83945d5c48db1fe933ecc92c51b4229c3b82c96fa46c9 89
1643862714.3453548 1643862714.34499 45c37fd57fe223fa7d7fd7be558e620693ddc7bf0d378da48fc926389d8f3b8e 87
1643862714.5891423 1643862714.5887792 99f7630fc60e1b05badb12fa7a1109d7b513ab31a75325f436019ae14bafacf6 89
1643862714.9071262 1643862714.9067733 d8d6ce37f1fad5cc4608b93bbad3a747d14a5a5a33a877793be8f0d8c8878e07 89
1643862715.5930464 1643862715.592656 63a7bf90bfd2ee3cb363066e6036bea16e6268de0a01232ef7f6033104edb615 88
1643862715.6855958 1643862715.6851625 220c83e449580feb9553939dcb0400d7f91b3a7f6db22662dd74315f41fd25c4 89
1643862716.2022376 1643862716.201897 b0bee913ae2c8574d8da9fb1e4b9853e0e9c4bc8c38cdb301949115e844b485d 88
1643862716.3034678 1643862716.303123 0960dbe1fc4102954e144fb017fad956b7d5d82c3b1e0e835b117310426d8e94 88
1643862716.6134465 1643862716.6130893 14c3ddf614579a18d4361e51cd9bfab8861c5b14b96f3584bea8b8ed4833f294 89
1643862716.8633597 1643862716.862967 755d4ea747391a9a4b16a14c8692273ca5fae58d98fed3bed1f9e4a5be56d755 88
1643862716.9120526 1643862716.9116824 a620038e4275fe2b53c7ce34ce7bc57120f7b3608025995846b548cd4c1438b6 89
1643862716.9404764 1643862716.9401364 67408c963e9c3d1da4b47a156eb38a274589d7a5d57b9acfab03e86b69ce242e 89
1643862717.1926906 1643862717.19237 202b06302cc54d05cf838c8dd2ad5edb6480648d84b71d8b55d28c48a7836067 87
1643862717.2849998 1643862717.2846816 f46626f05dbf59c25861f8adbc611fc8e1e7d9f83386cf3eeb311da7d176a16c 89
1643862717.3282092 1643862717.3278964 bf651e34a6a0bdaa9bb6914c6c8f8688b4b9b96c4ace0a036121803f8bce3d7a 89
1643862717.3388443 1643862717.338552 43195936f9d6db5620b17eef74e04cd9a7acd71aaccc9106a2f5a496033b13cc 88
1643862717.3648722 1643862717.3646069 7dd44c0b80d7815a8f5e0e5bc742aba1e7cc908b7a668df53ac385f39186a58d 89
1643862717.5334418 1643862717.533113 0e5f760b317b9012c7f1b2f44b416320bf573819ecec7788b8186372c3654620 88
1643862717.5612273 1643862717.5608428 db32d129be113e50e74ba456d5978cc6167aa5ecfc9f8fd98dc891f4f4a9d380 89
1643862717.7012463 1643862717.7008533 a0fd66e5ec3a241cfe6c017f7ada2e8d8a1eaedd14751716a9644317bf75e053 89
1643862717.9351661 1643862717.9348629 0e93c38592cad3a3206da38a261641e53d6dd46d12a8b3edf8f03d30f253e14e 89
1643862718.2076833 1643862718.2072935 6b473665d8f0e99ac7bf8642a67c82dda32a10660b160a91525e4e018b1a8f8c 89
1643862718.4962344 1643862718.4958625 660d09828539ab1cd98981b8edb9250016f9c6232846c4bcd715d495b3b3774d 89
1643862718.542915 1643862718.5425258 c398468d6595c7baf97c7ddb4ffb67934a459c7f51d9b68e71e1258c7fe6bceb 89
1643862718.7285695 1643862718.7282417 e30ceb022f0648f1c6b4a17bca5ed41ff531142761879eb01921ab828d5b86bb 89
1643862718.7559907 1643862718.7557187 393dbedb51394d1c781e83595d92327d572b53e80121ce395cc02c18d48919ab 89
1643862718.870863 1643862718.8705416 043e0bd76356528ee06eef405170b34e134c0bf4b8806a45bb90d97f3134a81d 89
1643862718.899705 1643862718.8994262 f90231e5e4f7e759ba952bb3b0878b07217c7d4b404e0d5c0ffff28441dee3ef 89
1643862718.9290526 1643862718.9286883 0c9b73f575323e79445de8546bb98e6b9a1a9c61ea3a13045c9287098203416c 89
1643862719.0639844 1643862719.063668 95c9e9843e7bfa5e44d225abad8fe58eed861d9cb5c3634e31813ea0bc4ac159 88
1643862719.0787249 1643862719.0784388 3a0e14386cb0c5e1bc7b4176f5f79227101674f7887b94a5c9110bb9a537582d 89
1643862719.1653569 1643862719.1649854 1d8ea3d2ee33f8f0312b88adb1bd9330cbde95d9b353c2c62f8a768b25595d65 89
1643862719.2900677 1643862719.2897453 74193caae260a82fba03365bb837d9e3314396ddc831fd87a781bf9e23ad6699 89
1643862719.685766 1643862719.6854656 fe191e571a5b6f4e652ea6084f7cb921e40f5136ab2a2e1de50094402951decd 89
1643862719.8125608 1643862719.812236 5b05bef543b2a88e5f532e99ddaef665fb3ab2222b8123438e393b6ee87caa19 88
1643862719.9807854 1643862719.9804611 2ed06d0413c3874df2dc5c311093fb4b3dfea66305ebfbbcc0ec1c0e8f78b2aa 89
1643862720.0831113 1643862720.0827594 4ffeb154fd93c23aebe32d548f3bb811defb62994f10cd471ae6f34e483fdb8c 89
1643862720.2566018 1643862720.2562447 e0f140926274a5d3e891f14770af0f6a1667542226d89529fac69553deb707ac 89
1643862720.5565493 1643862720.556113 fe6b5dea8845535e4cd66f82cbfdcbcfb60084b351af0773447550f25d8544e1 88
1643862720.565106 1643862720.5648072 9da487336fb8143e65b375f86b26206eff055af6150527db2e362fe58d4991c0 89
1643862720.727081 1643862720.726723 0c8b5f140484f50fc1d16aba9156c1c220660c3d07c86897669e59977e728dd7 88
1643862721.0293853 1643862721.0290127 01671e03b2ed322ee67793edea03950d84be8bcbdad41a2559e7eb1c7d923e19 89
1643862721.1333401 1643862721.1329927 b1c56a183ba849d1c42ae8c57e3742304541c708fa80f135693efe73cadec629 89
1643862721.3701773 1643862721.369816 ed3bd2681240211f87789c893d34f0a9a9be6c7893d4614257236b3bc82f5db5 88
1643862721.3830676 1643862721.3827658 d3684854072eb63f1e56106dbf986970c63f1db3ad557ec711e1216ab6ed712d 89
1643862721.830073 1643862721.8297436 6e2e7e1e7c5bdbeed2003d09f21f973d50b6ac3f3fa2bb92a20595022a076fd3 89
1643862721.9292345 1643862721.9288888 4f6cf770d701c93f43a9328229b24bc858552a6a8c20a0737a2f5c4acd04a6f3 89
1643862722.0495472 1643862722.0492275 6ac22d525f83452a2c401b1eb19feb4e9fa43f43ff8476f3619ea34d1ea82437 89
1643862722.167303 1643862722.1669834 a826d0317b35d98ae9eb181b03baf7a98766617a899465049a75be61b7e47df2 89
1643862722.3289094 1643862722.328574 51b4b9f2db8513cc9ff29fda9cde82442e83a89d021a44d19e5aff3eaef845d1 88
1643862722.9063754 1643862722.9060223 d4c3057d4b89d0f8ac67a4e880812c9f11c4cba0b2093c74f3e648c50c7e00ab 89
1643862722.9461856 1643862722.9458883 18124bdda19d089886f06f594849e2f1480c2f59b47f998f31938c367a8817e8 89
1643862723.1689737 1643862723.1686103 c9228d22a0a9c0f85d2d57f5d3792e25133c568432df6a63ccecf8c925dfb0da 89
1643862723.3485122 1643862723.3481975 f9b458b32ac0b5229583af203406579f7f4b234622598d1ba62bf21a9cf8c38b 89
1643862723.435976 1643862723.4356475 5cd33c7fc8c6df64afc8947e52d7088fdd39c40facde39445b2c8a7743435dbc 89
1643862723.891831 1643862723.8914535 892a9cdb69410defbfd2a282b9bd36b9856fa5d7771282c656c620e4ef1d8378 89
1643862724.0175292 1643862724.017239 24b8c73956d6e8395503e0417d4db2e17c596d76295b023647b84df2bf9d3517 88
1643862724.063818 1643862724.0632782 be2bcd61d7256826f102772792e6fbe97351e3642d7820df90e8922da4ad1f85 89
1643862724.624574 1643862724.624254 30a52c7106d6dca70e3b54a526c538d8bb30158c5c3436f4a4aa2349b5281737 88
1643862724.7694783 1643862724.769105 a121dbdc2254d9185f905854fef3d58ca31172342051a71943f0ea6fa4e65b51 88
1643862725.0493667 1643862725.0490255 721cc26bea1508a886ebc10731daa61477ad5d86a545b1b767439d720a39eb09 89
1643862725.1098812 1643862725.1095145 348d999b9b46d332eb79143fc62b33cddf5b82347dabb5e6486aea63642640fb 89
1643862725.254629 1643862725.254312 d64dcfa554e992e8a7792b74ab05a1a0c5255d1c550488382bd557e1f530e267 88
1643862725.8683774 1643862725.8680637 9b520ea2fa413057325ef216c9772872118132655fdf82e6a1cb17f3fa4cbdbd 89
1643862725.973659 1643862725.97333 eb6b40d4ec80dfdcb7bdf223c5d22804dc34518618ff6aa25a3c391b72ef66de 87
1643862726.37416 1643862726.3738356 e9142daa18fc85474d725c6cb4ab8708e67c5f709c459098e98e11f9bf128dcc 89
1643862726.4242926 1643862726.423979 a26051a323890593f8c0896c14c08bf93b158ce97d47743d6ebaa102c2c660df 88
1643862726.5943177 1643862726.5939136 bfbcaf45c84142b3c4011257d1c5ffa8bf2be5258efeaa8af68f7bcbf79c5997 89
1643862726.730825 1643862726.7304997 556e7f4217481798e53fe0b46a79c4393a1553bbc8f4790095f3f44a76da74ec 89
1643862727.1941452 1643862727.193756 00919c4b80b92b00b979c67741e110ba89e6df2a6e892335dda32566e369dcb4 88
1643862727.2078688 1643862727.2075684 b9eb640d706f421a5955fe2a41a54c952308d6d03f5fced1af35be51252f8771 89
1643862727.424239 1643862727.4238586 530c07d66678b877ac8f14d86f5d446be5bfc51b530d031200a48db02ebae924 89
1643862727.46426 1643862727.4639115 af06e608b22e73a1d7fc362ee7c25de36a875ca207d9af0a806d7a7e55854571 89
1643862727.5137947 1643862727.5134907 e81cca3912829eeeaeb11a5bd05f1c9b4f7112272765f7082442fc717b3f41f1 89
1643862727.6519158 1643862727.6515892 94fd6d650a345e546b9dafe3a7362a3fa26c45bd882053ef7094fbf33a37d17c 89
1643862727.6640565 1643862727.6637769 264526bfd3af4db7b1054d4e04e175357371f36f0e28fc5791044d2b3a7f50ae 89
1643862727.676008 1643862727.6757603 fafd93480436f433cb10cf767e2b4e1abcb64ebe5beb58e603184b790f605c9b 89
1643862727.7964942 1643862727.7961283 3ccc95472653db2bc5af8617c21ee044a97230ed147e9834a51bc7a2f861328f 89
1643862727.8938649 1643862727.893477 ba66bcf71e364eb2310cd29cdfc0153ece5d24fcf1381ad1fe5838a80b07bef6 88
1643862727.9876683 1643862727.9873605 b5ff620ab5be90eed4f73fcb7359969b4b3208731158601c0478277c649aec66 89
1643862728.137329 1643862728.1369874 94a81c113e736aca3901c1f8a52367623b6decc69b8461b8452353afae20d7ec 89
1643862728.145369 1643862728.1449873 38b2560165d006e129d758796cbf31e3db1a9cc7ec9ed39e714cfb1808a7d6fb 89
1643862728.44859 1643862728.4482498 50e5d2789990ec19656cc71f997dc77a01cad2c7a6cdd1d3fdb1d5d15401f605 89
1643862728.6255457 1643862728.6251974 7519a030e50ba8d5439ffb065726dc3122017c0691a28ccc6b5dc71ca429d1ce 89
1643862728.7117655 1643862728.7113965 f4f217386f751873fd592e99abc232b0827eeb16db2c5a2d8a127d52f724d1bb 89
1643862728.754688 1643862728.754356 c0a51681510b113523bd3944a809dc36db70c06f5226098f8f3756a432bffecf 88
1643862729.3359017 1643862729.33555 affa3ac0aa3cf31cfbbf55339d43083458a189a3d5b73245bf23e94d4d8a2823 87
1643862729.4205203 1643862729.4201603 6a63f198541dffd68be345e134cc1cde11acacf600b55167d4c354f06c49efa6 89
1643862729.5648153 1643862729.5644414 4e822fc8085f9407d6243817c17bf2cb1e3d0ca9363478bbe6153a13e4d7c36c 89
1643862729.8612616 1643862729.8608692 a31536a71184f342aa0b458db75ea5a49f7ef1f680cf2d891a003cb34db66ba3 89
1643862730.1018677 1643862730.1014974 3a2eb74e6da64d4afd259350782b522f130092b681ca2073b3bfb83bbacee962 89
1643862730.2577984 1643862730.2574809 54dd75f5cd4bf434928c54a4811121f4f2eeb7f6d9e004075f482ec3ff3395f6 89
1643862730.5401351 1643862730.5397696 cd49c3ef067c8655de1ceb410002d0665dd8e6e1d8e32b67ce0ef6007902bb5f 89
1643862730.8521807 1643862730.8518343 1ecb7763ac6151f4b209262d02a2445112d72b52f377469aa63b69e991810418 89
1643862730.935481 1643862730.935161 d84616c5167368f8c0a7dda55d9e9a89d23ddd403e94e8342877b81479270524 88
1643862731.186703 1643862731.1863983 2e05a6dbc5a652d19186fafdcebcf775c787e9c11ae2490b8f496dedb56572bb 89
1643862731.226442 1643862731.2260518 a92f2b2560b52054fc32bd8d7fda89fe5a097af3028be2c037dfa2f69d1fc903 89
1643862731.2790833 1643862731.278786 581f85ca8bf9b889f7e63a180af8aa7e00bed048eb0f5ebe4a62c04dc747e081 88
1643862731.6645687 1643862731.6641834 d5131f360fb3dc57a50536cd4adc115e94b9968c2228ce3008b600eff087f1a4 89
1643862731.744345 1643862731.7439904 35fc6af4747012f009f62d96ea7ea47ca78562e8d6a9ec7ee75c6ee8bec4577a 89
1643862731.7974565 1643862731.79706 b860645ee3dd14bd122b4c91892e10ccdde37b91d1be2b077640d0d591c13ffc 87
1643862731.8604453 1643862731.8601434 7a85dbf66655098ed9728dfe9dc104a2ef9391788e17bc38f68d67d88360dda1 89
1643862731.9336274 1643862731.9332848 4b05add349b27ff64611e3bfcaaae6bed7501b0de651d9e94e35d245ad355848 89
1643862731.973696 1643862731.970849 6279049170081047aa472412254b0fe60ef91a522cff3884ee7476108330d6cc 88
1643862731.977758 1643862731.9751923 39275fee4aa71dda284e48cee5354157e52caa2c9ab4eef13e273678993fb8b0 89
1643862732.2786903 1643862732.2783787 f3bfc4f5d16f40f10a09a69ee77878e9b01a1db6a22a110cb6ae41a5e676cf4f 89
1643862732.669951 1643862732.6695905 20b22908403c984c8960066596d14d1e95ce201672da88e203d5f12b5488361b 89
1643862732.9679263 1643862732.967556 84640ce496718dec00df69065d6ccca0fc1159448e6f71ee51236a4160234fd5 88
1643862732.9794924 1643862732.9791746 1b248a4aa9d66d00727532ee2f1b191bff98fb7d5429928dc5e864970c5ce6d5 89
1643862733.155694 1643862733.1553178 9c75a666ce48e9b7f35a3ed1293a34877f286e6d51af6f1821cbcbb0cf7fa4ab 89
1643862733.2648501 1643862733.264444 c50e044a2d5168811ed030e50dd9ebfe36631b5f39f26d961db60c51a90bbc02 88
1643862733.7567534 1643862733.7563984 4277ce4e3d79b2c0f7a2432a4b220897edb7a315f9dd0ed0637183a960574b45 89
1643862734.46887 1643862734.46851 276ca77646bc406362274e083a275be0dd4731e79f2f0bb552a7301d45443124 87
1643862734.6610887 1643862734.6607769 f831a258633ca1d8a073f931bc4444acd318c2085a3ea1e84f357110f18a06a9 89
1643862734.705607 1643862734.7052968 ce095278dc29a28070c1b02cf7c97eeb1e16f7db2f4fea6ebe3d0ff84b145f6f 89
1643862734.73733 1643862734.7370534 8d659ac10b4a4a898ff72bf7d6e17b34708d6f37c035c0d7840c68eb230e1a0b 89
1643862734.762409 1643862734.7621138 cc00567a07ad11556c64938071a3ebd0a24f59795d2e544ca1fbce9649877010 89
1643862734.8764324 1643862734.876105 4da4e97be2c165e2b4615bb13dba765628a830b0be4e3176ea6a638a42741361 88
1643862735.0181386 1643862735.0178008 4640a3e29e66d9f6dabd6a1088e1cba163884202c8bb45e5b68fec4c402dc825 89
1643862735.1195738 1643862735.1192355 c98d556c3a126d8d800ebc83eaa200acbc79a348dfb8ddd44c272f7dd4005896 89
1643862735.3722425 1643862735.3719542 f61bf493236609fa2c2dd1eeb908e7434295085b53545636a6b1d19d103c1989 89
1643862735.8121536 1643862735.8117926 42cb0e1688209e9e3f992d2f9ac3131e1f3c10931ad7e5b8490029bebd0a9b18 89
1643862735.9811492 1643862735.9808052 b2e06329907352a6b058d67b4e8a8140b385dc56a045828c641f52a9718e2423 89
1643862736.1107507 1643862736.1103656 0d54b10841b0662cc5ba8ed9e04c3a5e75f2a71f89b5ab4cb9a56afefec27bcd 89
1643862736.447995 1643862736.447603 f07b7faab8535839ddb83adb9b477def1ec0b98bde7b413ab69066312b4f3c75 88
1643862736.717899 1643862736.7175422 fa0e054b407d233216d5dedd2b53b0dd0baae244ada2c914a3a2946089d7bebb 89
1643862736.8037171 1643862736.8034189 640ac8fd1f09c5ece07dae11cc9a4cb10fe230a7acc56dde48ddeebc9a605fc6 89
1643862736.8713717 1643862736.8710737 9b3e635a510b6a01272d87106b2eb733e3be975b35f0ce8b58d3135f812b2496 89
1643862736.9990523 1643862736.9986575 8f04dc7e31b242f89b834fef384152403a6da2f4cc322bf84267a3f2f8b4a868 89
1643862737.0324864 1643862737.032083 1f1466077e7db6b46036e08e94799cc37554ba7d16a3b9098bf6f6cff87d0376 88
1643862737.1893046 1643862737.1889606 11591bb0a9fc2cd18aa13b21c4e27222b46156606ef449503424f9bd1e9efda0 89
1643862737.345589 1643862737.345283 54cea4862f73ec4b971732e18789876d9159122799919b731d6daea83efa67d6 88
1643862737.5471363 1643862737.546808 7490351bb9b61eaf0242aa3c9464c9eac78045a1d6f6ecbcd39d98a7920a1529 88
1643862737.7399907 1643862737.739691 139dd447e66f585c91e49ccd22e94fdf5dda51a2d0ce86f092b55a44c760fee2 88
1643862738.202555 1643862738.2022166 48ff61b10fdfc3ba80801b6e5091db9ef9f7b466b0955d278a70a3c8fceda4e4 89
1643862738.2222004 1643862738.2218862 f01f346b3da513b5d3238f2a1940b67f8a8516dcc5f97f3ba8806cbd902e97e4 89
1643862738.5491605 1643862738.5488105 05fcc2ce20e404fc1c196247d9bcc96b194cfe7705d36751c3471b2272f51d4f 89
1643862738.622037 1643862738.6217287 a05c145b1292d6ca6acd519ef777d59458fc353c2fd2ae19697b5d209475c0d4 89
1643862739.4176188 1643862739.4172332 d3a1e92f840373cb13a3d93202618e08b4c58e9a0cf91cf9e30df6cde5a2d267 89
1643862739.4544744 1643862739.4528017 e1e74e78b0a3d9e75730c53399d7c0b7713b0f9e321f2cb51c5ed9ef69b4bd8b 89
1643862739.646692 1643862739.6464033 f1c7f2ea51daf08ddffca136fc5018177972d343af5e642d4a79ece7bb1f8a3f 89
1643862739.7607684 1643862739.760455 e5dee05be5181d13c11f792ebae66301da42b950b8f4e55cf8bbdf98ca2f4ed5 88
1643862739.766884 1643862739.7666519 be3e3c8254be88c121ba2379f2d60f3f8a8c515c2a42822c9a8570c554e1cb3c 89
1643862739.983421 1643862739.9830594 48023617849978bc737ae9347196ca4e8b620ec5631af4208c9c71ea5bcbdee4 89
1643862740.080736 1643862740.0804265 28d98e6dfd0aae2d70dabbdcd4df2ba749e5835dc736d0b4502a8bbc04e29947 89
1643862740.6798525 1643862740.6795282 89456f39c5e91c699507635e968ddcdba1195fd4e97087a1b641317800e06f71 89
1643862740.7145514 1643862740.71176 f6d84261ff3881e530aa12372f9cde3a57d3dd57d7ad988f6141f2061e49e64d 87
1643862740.95219 1643862740.951857 b55f64f1a5290fe0fff7bc08fe74bfda09e3cfa1c70cee2a7ed3cfedc6feae32 88
1643862741.1083155 1643862741.1079943 ac7f9c6ca0f39721e23bfbc257823469c81921beff24b9c3031aac2aa044f2a5 89
1643862741.182586 1643862741.1822658 be66422b2661ef59f652f3baa391c33c1e3ff58cb6f794167d75337eaba000dc 89
1643862741.549236 1643862741.5489347 14723d80d605499a344cf79810dd90aae6976a0721992f03af4f8711b500ffba 89
1643862741.7209315 1643862741.7205546 d918f682e3c5abb686fdd07c83277d1e6d07673a60bfcc281723c2e00321c63c 89
1643862741.729545 1643862741.7292776 5cccc0015a6aaa2fde27b49183ee452f79380043879f2f2eabf29fc7518c2839 89
1643862741.9572825 1643862741.955777 f8d75f3280cc272cdec95a85eccf5fb75433cc75c55cb6b3e169db3805437389 88
1643862742.35211 1643862742.3517766 900af6a876282938255de3180d8b926012d1b6722ae43fa76fd9f5708f5df3cb 89
1643862742.355288 1643862742.3550866 38a77c70c6881354fd3c18ae15d400c262c6948a3496c7270a782e85b531b17c 89
1643862742.981561 1643862742.9812584 f40ba4105636dd94e4c373d5c75d4895a1a043bc7b23c272674be27e0cb77144 89
1643862743.0012674 1643862743.0009985 0fd538fd70926caa519f4410e64c9c26afe3d37afdac63c94d6b1e3e48d3685f 89
1643862743.1821764 1643862743.1817765 080977dd326091a8f52cdf416528cc629567ddccbe1ca8caf34a8cfc5554957d 89
1643862743.2045994 1643862743.204331 90264a4f80bc878c5ee35376ad5050638db4d4457d84281f7b1b6dfffe442300 88
1643862743.4056048 1643862743.4052334 d301eeaea7473357c7b580ee2b62c315a43f828ddc057cb71acba6df6e0b6421 89
1643862743.5481691 1643862743.5478516 bc97651bc3b747e71effb9e4834f35d47a2f2713d7a49f55523bbb22a61c5e80 89
1643862743.700722 1643862743.70038 8d2dcdb04a9bec23f968bd91d76902b46a00164843f34e71d911214946d649ee 87
1643862743.916154 1643862743.9155567 6b9a1674b2c2c975c957de65d11655bcf26313fbf1a4d0893fbd2a558ff3753f 89
1643862744.155965 1643862744.1556306 f8effff65b34f22109f74883fbb804873a9a77b95e8b92bfc1f80edae6dc3acf 89
1643862744.2193923 1643862744.2190542 205adb1f7eadc6751ee1fb9e98f194341632a1a6b36e9543445b1f5b6c118153 89
1643862744.4675674 1643862744.4672601 35036b49a4b8b0e29f3c51c12ac76dd7cf2e0a5c6cdbf437eac1aae1cb431bd1 89
1643862744.5790932 1643862744.5787425 a19b8b4bafd1a9e44fe2e31cc2b9c59a851d5163e064ab98a4f4ed350758b54d 89
1643862744.6835327 1643862744.6831467 20705417dcabefcefb8790cacebdb476a8345bce92781b25131c0c72f95b7433 89
1643862744.8387005 1643862744.8383946 2369808d1df55147862c371d4ac39a42723f00d434ad822a5e7b4887b063e110 89
1643862744.9215 1643862744.9211314 7e341d97f79324e5a48a1790af92aa8207595d937ee6ac0b8c9a72444f3389e3 89
1643862744.948283 1643862744.948028 43dae3d5c0052575de94145c3ba7e3c406a5a28ff95fd3e6ddd8d12a1ae3abb6 88
1643862745.3458552 1643862745.3455136 b31287a5639970d457df1c5c4f9603bb6bbce13891bde750c778611145f94428 89
1643862745.4507754 1643862745.4504447 70311ba95176d6004c05b5bc872f05af81cf297c413144f02f9ce011c1a15a95 89
1643862745.564218 1643862745.563883 b2a174070346dcc70923451b29804d1eb4e4e0fb4398d63ad3a857d69f7e3adc 88
1643862745.9823534 1643862745.9820132 c0c29d6b724d509a2191179b7f3b7940b7a8dfca16a2b4cd51339841c5f64d77 89
1643862746.3514466 1643862746.3511097 04b7525be24b3fadd4e3c3cb4b897c6c610e73a8ef5dfb520f162e2bc1b0caad 89
1643862746.410175 1643862746.409868 685468643e7c5c6c1b44fe65dffd2092671bf98cd9f7dc4fb67e3c486329b8e2 88
1643862746.423966 1643862746.4237075 f881183ca3e528a01a1858223246c7410443fe588937b98998c113bfeadc5bd2 89
1643862746.6198525 1643862746.6194987 7e74e1fb7fdd4f8bf272d42500ceee17bd1a751b912fc20bf1a916b30587eebe 89
1643862746.997321 1643862746.996932 ab23ceb89e1f834f586021fb0f96ded8f53f386e80b45a52233da9a147880e68 88
1643862747.0577245 1643862747.0574098 303327ffe9d38cc1df2dc1572094b08f829bbfc947497e30fd73c3eb09751583 89
1643862747.0688782 1643862747.068518 b218cb27006fa4b56174f788c2a5cb0bad16d572de0ec256ea8d6727e421dcd1 88
1643862747.3528793 1643862747.3525414 9c989fd948798e424e445fed05e68c98b365cecbd39f9cd35202f10243ae34cf 89
1643862747.5481637 1643862747.5477796 71f1facebbc9fd55ef497909b764954e00d05c7368dbb558c70477a51812d448 89
1643862747.6631176 1643862747.662783 4a1ae5da56ffd9a07f049d18e5bf3ba4ced4c3b6598634015a5cc03b79997fb3 88
1643862748.479066 1643862748.4787629 dac1f696ec54568f2903bce2d59d8a5cd1d5c35855b0ecdcec9492b0906571c4 89
1643862748.5201735 1643862748.5197904 efc826d087c957b79d4a6828a0a04f7a2bb1e46a90e43770b8994bd9ed629200 89
1643862749.3598258 1643862749.3594887 fc2c400c5438a1c90d3c0c22650beaf139911a8457ec053e50a3efc2147550b2 89
1643862749.5452747 1643862749.544947 40d3baba218bf4c17984f46557476054ebab7da09cb07e656621f138d8f2658c 88
1643862749.7672532 1643862749.7669184 173ac8088b29604f3caf9bb684834ab1a21d17b813315f301a742d62f63720dd 89
1643862749.9099348 1643862749.909562 ec5b1fadda731a339261cd2adca992718c93c4cfa256b84a25c545146152343d 88
1643862750.129822 1643862750.1294825 6f21f8a32e0ac2d3429a8d9dfffd151a17a6a3ba2c36603eb825ad69fe4132a9 89
1643862750.1649926 1643862750.1646378 4582e7ddd06f8229ae462e9d3268296ce4f7fdcd51690f5ac8ad6b062b9cf70e 89
1643862750.383692 1643862750.3833451 81e4519b1edfc83f1ea702b978514d341a615059de5bc7a3c2465fd0e3686fc9 89
1643862750.452305 1643862750.4520326 c50040eb9b5bbb07aa833ebcd57529c39f13b2c7e2755e5e4539fec786c0917a 89
1643862750.5616076 1643862750.5612462 4171ba4418ae3ca26a80757d711ecea5e996a029c2d3bb6bd738ee2cf75f534f 89
1643862750.92341 1643862750.9230392 3e8062eef3613817537dca1ee3aaa76555bc559ff294043b1da14de224984cda 89
1643862750.9259777 1643862750.925763 d60f7c69559c2961873239dcbbf31c0f20ead22971b3fa262f6d64c5807f2eee 88
1643862751.1265984 1643862751.1262665 e107c03b5d1e11e6cf8ae28b265fbd416dd21edcf38a72ace15d494b79580956 89
1643862751.5130363 1643862751.5126622 04b3e6535ed7ce84ba8ea84ece0858bc9b2bc74283f3c3c1b85b605b910ebd49 89
1643862751.7618237 1643862751.7614946 e3a2fb8884b4fc36031e7d092dd007ffd5ceb25c0bc34648342d2317f5855ecb 89
1643862752.0837476 1643862752.0834284 d67edf9d849214bff4b327f49a81eea61ec418537c80fd7c9c4b1ae7e4fe1d4b 89
1643862752.205829 1643862752.2055392 e6f5224146c15878b9a5d67e794d1acbc8de57dbfee69275dbe24ae22a149d34 89
1643862752.247774 1643862752.2474716 b30f5ac02f40d7304b8723f7026bbb8a3e97e21373276ac2a8202ebcc0ca0a96 89
1643862752.436557 1643862752.4361627 b1f976ac30abb5583bd717f32f7e7c9ce8d2db728dc971891f39b1b32c00b153 89
1643862752.6004775 1643862752.6001222 abd5dacfda85dfca61c1c85bffa1e918a0826661cf4906bba33e3d37deed5339 89
1643862752.6627555 1643862752.6624389 0b81a72f76e237ec0cd0b884d03eb51d4c81a487d70e1f267fc4eff3f9168111 89
1643862752.9550374 1643862752.9546604 6fda8e2460ec5b4146e7622cd2bf73aa5179185eb5692f33f3745e622a40a340 89
1643862753.6030822 1643862753.602668 ea5799f9f348ecef483abd27d12f37c87f9b123f9fd19e64728dacc43b7ead12 88
1643862753.6866963 1643862753.6863694 cf8dbd8d9c8a2918a89d814ae241cecd72bc20e885cbd31747ca3fbcb8f675e9 89
1643862753.8720505 1643862753.871701 8ca6bdc5bed619dee8684335c617ba02aaa53fb4a78f9271117763b288101587 88
1643862753.9480193 1643862753.9476943 67553025488067df34741d439899626352c9e528b656eebb06eef349d075ff3e 89
1643862753.9699442 1643862753.969654 f604d2d065bffa1c7cf7cc757e55cd8c10df7b5392e80da6eae3aa2519230878 88
1643862754.6578825 1643862754.657555 d174959d05704fcca4a408aa9d81fce1e170679f421ffd007bb421ee0a71e72f 88
1643862754.7414284 1643862754.7410038 ef67fab589280c0b68b14394aed4cba13eb2e8b1df71a3275cdb5ded582f2f45 89
1643862755.1640835 1643862755.1637597 c223e30ad91131892c0742e10a06787ac19969bbca9d301a412f5b14aeb608d7 89
1643862755.1921933 1643862755.1919227 2ee9e1ce93707f29170ccadd51ea66c441d18c7e794c0adad264ea4cbf2d16c9 89
1643862756.37219 1643862756.371825 be60c715281d315290c7e737938d52b2959c3b1fd59c1024dc1b0243829a6f27 88
1643862756.61906 1643862756.6187327 acf5db87d8025b17c755e0c4dd344bd56f4dc3893427b83784ab095857c15172 89
1643862756.6879542 1643862756.68766 a7e8f283a676fe63c391af6aafd9f57b5b934804dac54a3c16a9434b5536af90 87
1643862756.7663052 1643862756.7659776 e016c95955a260d08de1adb4b578712fef651a6ade3696b0b2faeac5873c0008 89
1643862756.7939167 1643862756.7935758 e4fdfefe69245d33b16d10528af9220eccf8a0d0989a07c2a555b52b75cd1f00 89
1643862756.9129307 1643862756.9126048 3f84d3953c8c52c722f77a7019c9885c636dae775eceaa86a216515d9695503e 89
1643862757.6025255 1643862757.6021917 f4d3e5a271ef0326a70bc96bd62bc8ed4d887a942185efa6bbcd9a361e01c366 89
1643862757.7065785 1643862757.7062836 23c2f0c9d99c67b82bd60d0494deb7977d5f63927253e4bd64380f72813ad860 89
1643862757.715727 1643862757.7154791 9a033ed6a787a2f598b4c2f0898f5e9cad95ee519f42790601d1a76064980d75 89
1643862758.1880226 1643862758.187685 f49e7e5679b1bbb3a086bf7e5f84e982c3285601ec4c98c1c938bded1dae2984 88
1643862758.2345371 1643862758.2342405 6c2f5b19c304f6aae8e0df0e79b15884cfe4c59cc5b001aab25005f2839164ff 89
1643862758.4264922 1643862758.426185 2181725c93c10e25ba57fcc88bd9a6c4a6515b33254e45d18ca543db2f9c54d0 88
1643862758.469968 1643862758.4696722 6788ac1d2104ed231ba106eac984b9dd10be20573cdfac67b4e49e9135310221 89
1643862758.5824542 1643862758.5821157 5ce0b48cb124184a179324ead396344b45a7017f374fbef7086b46531435f8fa 89
1643862758.6134372 1643862758.6131184 79878e77e288270c5ffe025dd191902dd453fd353074d2ccef6c5a394e3299a8 89
1643862758.6903336 1643862758.690014 3306571722de038c6a2163b9f534aa547965f6634098509514b3bc7907d9304d 88
1643862758.798261 1643862758.7979083 7a4e17bd1233a5f1515d0715e062ab0b44278cf59e7396075355088392e6decf 89
1643862759.0053418 1643862759.0050266 00666e1269dc1b4aaa919c7d6c35e646832f85be18fb71cbb8af12f96d9958e1 89
1643862759.0485108 1643862759.048223 8687d26fabac8351ca7a401b5214fc02eea68e00f579674b31346fcced658e88 88
1643862759.2532454 1643862759.2529213 e5bbfecf518d177fa35792986b5048006fe7cdcf52d709d47d4f61e3f04bb039 89
1643862759.367188 1643862759.3668 9156c6ae07bceaa6623bcead3069b813ba8c122f8269bc087f7e639395003c5d 86
1643862759.419819 1643862759.419476 c967851123e0f545e747912410e2932e1ebe074b6aa1ae83f7ad32fcefd0f2da 88
1643862759.526202 1643862759.5258803 7ca459888c192de1547d69fdf988fe7e190732f601eadaea4fbd01156f2f1033 89
1643862759.5603037 1643862759.5599844 8e4ae004baee7c1c152dea4fccd0e9df096410914609f1eda28b7d5ccaeb1a76 89
1643862759.6153905 1643862759.6151035 987b5f720055014d1618b286ce7e153b062c97f30cec471925fc23963afd0f2f 89
1643862759.6562777 1643862759.6559694 d4c832b021820816b0ab68da3150be340d069c3206669b1bddf03d740914f178 89
1643862760.0652022 1643862760.0648093 def5d5d69a633f28bdf8f72bd85d7db902db320a98608c7941fbeb608e7c1f10 89
1643862760.4892237 1643862760.488875 bb2c9f6022412a4ea7f6a5d195e55d40cae3701dde614fe261c2297905811d05 88
1643862761.0517716 1643862761.0513813 781edfa3b2e0d7e45d4efe90af9826e4a4b69658dd7654e470695251ae7f4b81 89
1643862761.3499963 1643862761.3496983 f8dea07833e7d6ac1aa58dff3a5214c8d2dd9d94ce9eb9b819e5f8c86633b2d5 89
1643862761.4559608 1643862761.4556322 42cd228d95f7504815411d8fd25145e1012cf4cc1a77e20c18e89aaae590b882 89
1643862761.8784764 1643862761.8781433 15d6b400f2e3da46963d8e512ed41bf25e7d308f506da511049d00cbb336b7ce 89
1643862761.9056158 1643862761.9053133 f724de505095c87150bb35660629c366cb925edc21eecb32527f2b8ace93b3f2 89
1643862761.9388666 1643862761.9385462 266cf2eba0f9d1f6146cd0082bfb002c2cb0610f28287f9e42ebf55d1277787f 89
1643862762.2928133 1643862762.2924528 7dbfe54c5615ad583cecec1d891742774043bf41bd14f47ff3ec562253e96563 89
1643862762.299789 1643862762.299559 d0376cd2cd67271de7dd0905b8e90fd82c13ae6b89d193ed05589edabb412c82 88
1643862762.739939 1643862762.7395394 ba134d28fa72b20a82d005e22766e7086668a96143be4e7449df10487f063558 89
1643862762.7994823 1643862762.7990828 d93c1154343fd474f371f83263ccd9a7926f3279d05591fe47fc08dd2b0ae6ba 89
1643862762.9038393 1643862762.9034686 0ca2d074a2b6602e157a6aa2cd203f57d7c482b6ec240796b943b8db79121e40 89
1643862763.1953347 1643862763.1949985 14efe2d242b23b134156aab0355d687c4d4e05014fce26f5c600cb34df4cedee 89
1643862763.2387657 1643862763.238281 8237f72ffa55850b31a26f887cbf4d25e6166d948cf7b0d47aeeda117989461c 88
1643862763.5690188 1643862763.5686514 2d05c0705af8276df0497fecd7aad28d0ac45688e015f907f5f58e6e216664f1 89
1643862763.915003 1643862763.9146745 ae5dc9e9e0aa769dbc4000329eef3271ffd7744b019999fb24f603c93f7db3b4 89
1643862763.9360714 1643862763.9357693 1dde8c469c2b6e07e5b8ad02e6564d7026b769875b59519c21d22f65b610dbd2 89
1643862764.029846 1643862764.029495 f391422f58d73162cafc6e1a71bab1ecd9e5929538717a4a37aaf6da978a3d7d 88
1643862764.1612537 1643862764.1608963 00dc76b592040c413d5e663069dac697e393fd377621ebc859fab4e286a97fb1 89
1643862764.2833972 1643862764.2830462 9cd111fda8d54099c59b003e346ec348396bc408d4246d29b605ee163ad77ca2 89
1643862764.2976837 1643862764.2974331 0043c374db1a33d3ab622707cd8d43bc0452b5f51646c658e8099bfa94aa308f 89
1643862764.777589 1643862764.7772708 32e466ad37d38c75dd44c6b2b323ebe78ee13a1bb1ef66ced13230b86969bcaf 89
1643862764.8196476 1643862764.8193107 86cb13148785da2442125eec36451f1715486fdf787a98e211e990b2fc4a5285 89
1643862764.9956267 1643862764.9953315 05e7f8d949c0fa05c8831691d5c2e6848c2bbba2506881a862202940e52f2bc9 89
1643862765.1401854 1643862765.139826 327bbc9393266da8f380cbad3d8d24d83a6c04aef2012671245605379de5215d 88
1643862765.6926126 1643862765.6922343 af50d581332c4fe34422a5f79bcf66f02275d0a36eb889cd52e42d0ae1d28cda 89
1643862765.7563653 1643862765.7560172 bd2f7cbd5fad61189bd0426020b8ebcb1c69c870400957ff7121131156df2646 89
1643862765.803111 1643862765.8027885 75ccb8056e630854f2290c2f9e9e3a5b410d1d8d8dd59e5ff8121c84e0903e0a 89
1643862765.846818 1643862765.8464725 ac5014a42d9b289767c29a4295271bb2a328b00e841e1aade650628f6293bd64 89
1643862766.0328374 1643862766.0325172 58f02d1c0fa7770b76ad428d64ef276ebd364547e677cbef1bfc075f2a0925c9 89
1643862766.4495609 1643862766.449168 3e6453fb788d204e324a3bd8dabe05701466ebe47d6b6a7be0ab5c5d625c5606 88
1643862766.93852 1643862766.9381812 25cd68ea641726db444db08ccc5297e312930fefad7da9d761e19786e73e940e 89
1643862767.1327589 1643862767.1324122 3e518e7e30ba6c2e79084a4257421994344659171e3fe805982d97b3f3f68dda 89
1643862767.1770253 1643862767.1766636 9484b89d44ae665547a8bf3e6d7fcfe2788b02f77493b96f07ace4128f463c46 89
1643862767.192459 1643862767.192158 a8317969d16d01f7411327a6f45986cf8b680dbea0e54cc4d0e343bb0a956698 88
1643862767.4420738 1643862767.4416385 8148392d911e0fcf4cc97c9e2264a54040720aa3632ddcb44d5cda21c179aa2b 89
1643862767.47115 1643862767.4708567 76805da7981c2ee19e55db7bd2f40bef60851c16de2ac575281281c4255dff85 89
1643862767.4914641 1643862767.491136 8cfda328c1c80b172d9f186f45c0d5cb8d8229b0e8992f7d6d59adaac56212ed 88
1643862767.8142545 1643862767.8138926 f9e3081f6ba3086337c42487493c6429121900e4be2660e51cde7911f1aa0433 89
1643862767.957908 1643862767.9575825 226d71b2e28c07fd37c618cdcd54a0f89cad3387f6421b926addfe4fb770ba48 89
1643862768.01816 1643862768.0178056 e14ca6a5ecc961b8420adb41e3535c3d570a30e9c5982c74b50fe18ab6353078 89
1643862768.6477664 1643862768.6473606 9c5114f3b2841ebbc1c9831bfd0b0c087a939b00e6b5aec8835f50bf9b6f56c2 89
1643862768.6952472 1643862768.694906 14a4da571fe59132b14bcb9eee8d47e67fcbbecfd68a02eed863d254061101c1 88
1643862768.8016424 1643862768.8013086 c1540d17d4ebc31297f899955226a8ee89153f85057a827c0be993b2d9f1a669 89
1643862768.8693547 1643862768.8690372 b022c9905ea0b85ff36d7d12ac2833c92271d84dac5a70d35a047992c73106da 89
1643862769.0715952 1643862769.0712554 5e15aca233a401f4f584093709c0e6ab08b7789e8dcfeade0e76626a6bf84e8a 89
1643862769.5614848 1643862769.5611458 1021c1b9f41927322ca5cb6abc18dc55f2bda297d81beedfb0c2a9f690b8d628 89
1643862769.6208873 1643862769.620577 87b43f3fd0efea97c172779b96cf4d14f06b39bf0a537968b8f7f1a34ace122f 88
1643862769.6467817 1643862769.6465442 49e48ce300f791fb12c7cb065c2321b460e36c17d9827074f2dfe56a7c99020f 89
1643862769.6541476 1643862769.6539018 a2a7b81139b35cd32cd9a0aa7a28a41e3b6296a1745e7f6d5c37566f3915b42a 89
1643862769.8478537 1643862769.8475244 1c32b944e92198ec87186379c140667b365be2a03fce06247b521d56210c6f7b 89
1643862769.8542066 1643862769.8539612 ce609f7d92bb35185df873adecc62aa96a01153dec312abb50a1677e1e08a1a5 89
1643862769.8810894 1643862769.8808146 e56f7bd830d06a02769b895f0768e6f237ec9c0aa48ca13255b921a2d9dc36f4 89
1643862770.132835 1643862770.1324933 a2283cb1a8a31ec7305c853ac1e0dcf4e640422cd4c038c7dfad52441980ebd6 89
1643862770.2330017 1643862770.2326598 675dba511a5fa59b20eb418857b0512583d39e65162c3835e0f4932303f75dd2 89
1643862770.6016333 1643862770.601291 6629d3d5a1dbf5bc79c1652479533ae3f386851d4766d30e4a89b5b005692b99 88
1643862771.0118184 1643862771.0115013 2d0caa55fb605584790f80b681c5c7e180c885029476a87b65400ef8bacd15ce 89
1643862771.1244485 1643862771.1240842 fd27ba70d9f91940c56732517e5852d08f0c04132a14c2c3c11f006ee6aa418c 89
1643862771.3801467 1643862771.3798265 0c1714aee3025d6fb90dd0d8694e53687b0be23ef11e4aa9f5f3b74383249166 89
1643862771.4169843 1643862771.416702 191249798d6d01371988d63d37576e715828eef7fa9aa3cdbd5ca677d30dff2c 88
1643862771.5372822 1643862771.5369418 438aa2ee741173ec0defab40355dc2d7262083664c2db4e5ec3567f891007486 89
1643862771.687005 1643862771.686688 06158ffad91bc4a5d078b087a08a648030d8d28bf1edcd8887af64e166f1c038 88
1643862772.101806 1643862772.1014674 27c7eaac835633b6711062451aa9b8b18c141cb0799b1006f31fc406344ad715 89
1643862772.11996 1643862772.119677 b813593c770b6e23e486a760b68dc052e9bbf85847d6336efb1479a47efedc71 88
1643862772.3908577 1643862772.3905218 1ef98017177efbd774ebe6b262865a5129aadde425e2c7f9670e22f2487a7d8d 89
1643862772.56985 1643862772.56951 e82630de99cfec86ca5d73496ff00e3ab9a6963e1ffb22f5235f1063bc0cbd71 87
1643862772.6658568 1643862772.6655078 342bf4b7749543c33bd1893dcb34fd55b01e6e3436483ebd1ebde1f82f425bed 89
1643862772.7839928 1643862772.7836158 c3398f592ae491ab814c5072f4575ce9daaf9f49d7f5331ba83cfcb32ea9d5c3 89
1643862772.8118274 1643862772.8115387 43d235b399c67c289cae769c3e50c10c87989f258e56eef901d2a126b73b058b 89
1643862772.9570258 1643862772.9566894 89fede005252a3a50f2c167e2a8fd4f2aa6a5c5b0ee0f35ae77534d8675e286f 89
1643862773.0054936 1643862773.0051475 43ee903a287176465b1ffc5503bec63ac4e7a2319de9c4e4c588563c3eeb66be 89
1643862773.0650692 1643862773.0647438 39ba355d6cc4b2d57dd4839f81e711955a014d3e2fb7d2672051ee640b72d461 89
1643862773.1240492 1643862773.123743 5c1697fe337c1f53abd8d8d39228f2343b7118b6973f2f6e9fbb7d8614aa6949 88
1643862773.479986 1643862773.4795098 6621adfb7ca95324323f7b721030561581277a8af6c9f0f4db99ec66ef1cf9e4 89
1643862773.5843701 1643862773.5839987 ad6d692f2c18c1f8c36836741ad0a1ca8eed5691db4e3e9ab030343b83f27f6b 89
1643862773.8541799 1643862773.8538435 73ebfbc3c0100bfa27c807c14a318112e7b1216ddd4a768421add15e970d4e5e 89
1643862774.8062263 1643862774.8058898 94ef46c64669e3917ead1185e692e35468b74f8698ad7cc592fa915fdd683e40 89
1643862774.9535618 1643862774.953178 3725bcf84d65c29373b70d5bd324d6a29dc7f6dea9d7d7087361068611e9bad1 88
1643862775.2355843 1643862775.2352407 de1da1e1935ea767125a620e6eae04465d3e89977cb7d5a3f7ff072efd29fa74 89
1643862775.2773254 1643862775.276971 ff58b26d69c853c049fffaf3c1fbf889a25c4e2a980769e3a40694d2159bb2c7 88
1643862775.6917708 1643862775.6914177 073d5091087b26314a1aa1b009207b918e5d5dfced8fe7029d9bc51e0d710d28 89
1643862775.8534195 1643862775.8530517 591502d775368c063bf29c059cce9b466f59c2ed1b684cb9dbd87de03f45c07d 89
1643862775.9042244 1643862775.9038265 f3bf1c27b4e6a5f6d5e025efa0211c0d7b696c8f7b4b21f2b20cee93fb6952f2 89
1643862775.917574 1643862775.917285 1a491c2a8958bfa4601f7c66d14778bceb46ee5ba8dbccf2aa64af360ca08053 88
1643862775.9563203 1643862775.9559567 92fc2f32331499d7478228067f3d1d4059959d067f2b5a9769c45c08c0e734f6 89
1643862776.0024922 1643862776.0020826 084566ed901d5ec900d4eec5f0b9e1d6eca2616ee67d0d7edfd2d213598281a4 89
1643862776.2879167 1643862776.2875378 05ee5e0f0c3c0e95afa3399fdcc74d39a6039adfef03059a256dd4575415f3ad 89
1643862776.3226757 1643862776.3223825 d9e3541c29a0d500190518f24eecfcfa91d300fbe9497d0f2ed8a850dc6bb82a 89
1643862776.699712 1643862776.6994004 08c68f88033c369066b1c2142ea2017cb3b309609fe79866cc653371ae7e61f4 89
1643862776.778459 1643862776.7780297 c82836770a9fbc4a8946f1ecacbee6bf7abb6ca184a2f51bae8657103f7f4326 89
1643862776.9006293 1643862776.9003131 5ed0e10508c81a69b29bfa1ee9adde37d5d596f89df81c8f1cc52107334199a9 89
1643862776.9808667 1643862776.980364 5e7f8f112d181b4e8fea7ea94801425988e5a6fa48a28eedac648b0e648d84b4 88
1643862777.0224576 1643862777.0221014 127bad609ff4b4bbdd9501b9af0f12ff649c48a2c07a2f77b86fed63725106cd 89
1643862777.1709526 1643862777.1705513 f241f8f4c9d25feb6ab76f33292388c230a203f3cb2d5be32e749c69773bba2a 89
1643862777.2239826 1643862777.2236106 19f9db3fdf607d4b32d4ebfafdec5bc1c1eafff058a8e508e21a8d497d4cd2ea 89
1643862777.255681 1643862777.2553682 7216071a2f74af93afdaeb3ad2a42098ed29c2e90f3a00a3ef4b3233576e41e0 89
1643862777.342283 1643862777.341951 f182271f8048ce84b20d7f577d837a1e770ef23c69f67ec938aaa002dddb3c44 88
1643862777.3785574 1643862777.3781207 06b131b9025ee6272ed475c39dc58411c1a69337d0ee1e3cf5fb8f2ee1b04c7c 89
1643862777.4345782 1643862777.4342318 c1e53a7887e5e41123a86ee945513d3727193169b632b2fc66e0545b60d2dab5 89
1643862777.4388623 1643862777.438612 75eb7d5aef5e6f6e53ffccf75906920d256186984286215ba4ea33d91010f19f 88
1643862777.8627098 1643862777.862395 1b3f471b8bade4b5f775da09f53cd353a605ea43867b1c984a5ce37c0a133815 88
1643862777.909136 1643862777.9087725 7d68d147032aa1c35d877da565931c481f2f1a83a8fb11184df9c78f205f8581 89
1643862777.9763596 1643862777.9760268 3cfa3ca9a17a8bf2edab19dab4001549425aed8d2a1f05b09bb0fd02439fd9d6 89
1643862778.1302443 1643862778.1298983 2831cbd6739100fbaae31730d1d3a76ffb91d796958e2e15601ff0dc57e7ba2c 89
1643862778.14573 1643862778.145444 c52f6c162acb2f90ac84c8fe29965ce7b5ca745ff292163c2b2c5e920f9f52ef 88
1643862778.5796387 1643862778.5792634 c794019c498c2c8f9809617bb2485c8630e8651b035bbc4b26b3fc4feee75eaf 89
1643862778.596834 1643862778.596547 f34695c0e9e016cc92ee8958f9f8ffd26fae14fd2e2ecbaa03643f4107af5c39 88
1643862778.8569715 1643862778.856647 5a61c6749e54d4fb2ca34007e93ae40381564a5587066649256b6168f504230b 88
1643862779.1044939 1643862779.104104 631d9f5559f5e3fb97881605383235555aa88786f43be43cf7a7e65d0b07f144 88
1643862779.179253 1643862779.1789322 ff7ddb711d295984574ded40811f4f8253edb48591360bd17532dc3e7e3c4c18 89
1643862779.4059477 1643862779.4056332 33f158864f41d589f254b8f1590f21dee532e2c7d6568536275fdc9df6990032 89
1643862780.026686 1643862780.0263133 d898695eaa53be23bac4213d8a9e3f7576dfa514d19ccb7a961a3069bf18e7e0 89
1643862780.4071097 1643862780.406701 2a81a6d94819f6a78da928d9e301fa7b420a0fc0cfa07bf458a01228bb744af3 88
1643862780.4822233 1643862780.481892 ba4c11d589cd674ff6975ea04b7607ffa92290a431d2287bc06237d0dd923228 88
1643862780.5052588 1643862780.5049531 ea33501a319bfa23e28404bc0a73534137c907403d99b0c84b086e23abc41d46 89
1643862780.713825 1643862780.7134912 b89181218a9fb8ddf3e2649a0a3b4408424f32092761d8e3337323956919109d 89
1643862780.958113 1643862780.957665 859f029d4183807c80ee5bd82aed2df8ca2866c49de2efdcd1b76c37654afe80 88
1643862781.0648694 1643862781.0645769 ca9f3d646b81d3b4fc6028d315252e3544008d254bdd1000798de82d5129cc76 89
1643862781.204282 1643862781.2039685 6e5e3ac09d9956c517ba628ee6b2eeae1efc76417a5d2d276fddcb6440662cf3 89
1643862781.907859 1643862781.9075222 541a4f69eb376901918ba7f731d0d4147c3298f2433b4ef0833819e991e7226e 89
1643862782.3224988 1643862782.3221612 2bba0bb369c5c188499b17c1e6b2ac89ac68c62de702dafc8b423f2c92a7de45 89
1643862782.3475819 1643862782.3472788 e47a0942083fb1ed7b7805da162e3b11bf4c4479cce0feff30293b78d173596b 89
1643862782.5403237 1643862782.5399816 2912053b6bfa38352f73311c17bd10710ba10a9a2840a0479122a2e99c22ca55 89
1643862782.607312 1643862782.606918 e0bf04a25bdf296aeb09bfa9c1eabb9bbe2de205030191db260910fe359b4642 88
1643862782.6163433 1643862782.6160135 db29fb2f61e4c54d2754ac532547dbfa89ce9aafba005887bdcebf2cf797c484 89
1643862782.736432 1643862782.736106 e51e88a1ecd33ddd965a5991dc52dff99f555b96fa2c63e96c1aebb0807b0b66 88
1643862782.811575 1643862782.8112254 fd94ed3bfe545dfdc1027e27555f23840dadf1922a1543c421b98a342760aa31 89
1643862783.2907946 1643862783.2904677 87a1ca78c224329ad21baaefd478aef67e54ba1035a0cceaf1d83d8d6c18b51b 89
1643862783.3878002 1643862783.387522 74da91934b8bf3331f5b0e6146a905242458a2ab354269a3232832c6424e9d3e 88
1643862783.39486 1643862783.3946261 eb1c2f3dd74bb2aa3a6aae9708857758d69f82a64df162d988643dac0bc404e7 89
1643862783.5527604 1643862783.5524237 ee1f6928ab9935eb47a563b959e6243f9de3ca0a059ea169914b0d9ea0c2fa05 89
1643862783.5968707 1643862783.596587 95605306b3c9f435788347b066c64578e6f1133b1ec749d3c5f2870245e69c10 88
1643862783.7126706 1643862783.712306 4ce4ee3f43db5606b9d19b24feb20d068a7dcd4480cd5fe72e4c7a23e06b28be 88
1643862783.9470506 1643862783.9466689 ed1e2c6c7535faf541c95e1018a27c92859dcc699c307092068e178f4c694024 89
1643862783.953092 1643862783.9528434 9a54b7b4d57fdad4973cd1b2de838e1802bf8ec217d1295c8a452020071f89b0 89
1643862784.0923479 1643862784.09203 cf820bd577764868e1a552e6c7ebfd184a7c77c64b7dc399f0e25d38e7f7f30c 87
1643862784.2355585 1643862784.235196 ede7e47d55f2d94dd68795793f3e3bfaba7309023f700188b079ff2cad51b0c2 88
1643862784.2471042 1643862784.2468593 78cb604bc093c64f7d9db8b1e6def629165a98ff71b9fa49c10fe9cb03b58c42 89
1643862784.3307517 1643862784.3304484 a8a6cf823275d2cf2031f3bd552f33f0d41d0df3c5a558b426233c3db69cfe3f 89
1643862784.6090274 1643862784.6087048 a143a3289daa6115018774c39d852a3403d65b43ae709c70be0fd8448949a570 89
1643862784.6855083 1643862784.6851344 cb90d40ec9e3db6d87667683cf4e5af99c165ea2d14bf4a0602814eb583b9366 89
1643862784.8222413 1643862784.8219116 3140281ded0437d8f3b874f6eb931fc7b47e22652a90730dd4c71f7a2a33296a 89
1643862785.1452577 1643862785.1449306 682230e75d3bbe8e9e609f3b38527bcdd56212b1053aa2344aafb5f94128434b 89
1643862785.4529912 1643862785.4526784 56bafd1afa5c27381aaf47d2ec9555bfcdec1dcc4419dec5e3e575356ef0e06d 89
1643862785.523468 1643862785.5231113 7c86d56ec0d7dbd2283607ef62dc925e3efa7beb84bc1ded47e96af4854fb3b3 89
1643862785.5385702 1643862785.5383008 67d638142f84731a1bc6b7e6aedd98bb14047c181c4b655f6e1522946184d055 89
1643862785.917614 1643862785.9172614 e5743fb5e3bf716b6e5aca507879135c38824be4695cf6ce939697f8fcdd7745 89
1643862786.3332777 1643862786.3329613 7bb6744240a4ec623ac3ccbbc5f761850255425a86c294575aa39500099b3a35 89
1643862786.5644867 1643862786.5641592 f5e3c30e38243194f62d9a53f342f25669a4627dc84cced4691f55308239e3c7 89
1643862786.9262927 1643862786.9259765 674e859c8b0f344e75611903baaa96dc980a0e1e70473f4f1617d9f68998e4bd 89
1643862787.059316 1643862787.0589986 330832a5d80aec76c7fd9cb0c7cf66871e9f85bd93efc7adc929c678bdc14209 89
1643862787.5353403 1643862787.5349567 49465d05b105b98dfd563e3df39b1093e1ae36ec81cd14f11f2502f2d4f46dee 89
1643862787.6950855 1643862787.6947634 bfbf8367158e3860c9611730de5faf832b295defc3abe5f4c300a357bad8d6e1 89
1643862787.7672474 1643862787.766936 c63627d11ef14748aec94c11577bf51b9702da84bcd80987c78f76ccb6784579 88
1643862787.9858053 1643862787.9849231 81eab65bc3e6621734f5312854fbd2ca36a31696d7ec2dd3cf7b6deaed9b243f 89
1643862788.007339 1643862788.007042 57c56dd6e02558ae1e4e32e7b27878d8d25db392ae6eb28dacddacb266cdb9b3 88
1643862788.0912147 1643862788.0907564 8ee561a1eb829becf7e94c0771b213c5bbcf14b5709a096ee5f1d4d816167c76 89
1643862788.2070699 1643862788.2067077 5d9547455e1f776337279278048ca6c6c46e7e1a50c02c5cff55fbeb7fd4a098 89
1643862788.3785193 1643862788.3781395 afeafc2c5eba1b7fc66e3bd2f11751b9120406dfcb3a66126aecf7ace8e28ca9 89
1643862788.7034142 1643862788.7030535 f4bdff86b8a4bd34e67905e3d5fd37cfbfe7912ef7dc523ead432016847e6df5 89
1643862788.7627642 1643862788.76246 e77ea4520b57e749e49f33fc7c50e99ad5653998caa50d322fe32b243a1b1f14 87
1643862788.9385042 1643862788.9380524 2fbfb0e858aa4dd3445f46c57b77a5a029cbf452a8d7e91350722c14906bb1d5 89
1643862789.192317 1643862789.1919794 59cce525b0508a8e18abdb8c5fac02259e23e1d055722e8c3b4c44cc2a0abb5c 89
1643862789.2893305 1643862789.2890012 2132c07f45b409801e46293c575fe109a4e70f8450e09fcaff802a1e448454ca 89
1643862789.3511605 1643862789.3507583 334ea4cf741ab76f8e4fcc20951e388e571064b0d4fe313c40b94d211fac04a2 89
1643862789.3852978 1643862789.3847556 9a9464b4d9b11012536ec0d3a6a1925231cb033c18447ab0e4fe558509c50d0d 89
1643862789.479336 1643862789.4789631 0b8e3a3f438e92351015ff80d25c711d4078000562572b2f169ef4a4623c297f 89
1643862789.7197604 1643862789.7194257 98489f2a0635c38e8edb8890b8e0cf66987480ad4a6dc55341268a3cd748fbf8 89
1643862790.1112366 1643862790.1109192 2c087baac858e0b98636177554ffb14119765aaaead11b31d038f2d26d9a9b96 89
1643862790.129264 1643862790.1289523 503cefa441f4fcde4f2f7caf27ba7576990541ed5fda5d7fff42339676dd2fea 89
1643862790.34918 1643862790.3488526 41f140699cb1b4cecd991e85b175150253c4db5611357d5dc1ecb867e0e596ca 89
1643862790.3732014 1643862790.3728676 b44bd611e66d3687edc57a4e14adc251c7fb507390c728ea06d814d00b4d085b 89
1643862790.3829863 1643862790.3827264 3b1ee8b4fde8182a8afb38c3d985047b79ae6b08395e1888b9482b9d155e461b 89
1643862790.4646163 1643862790.4642692 e1b928d76a7b86c3265ebcc5e92c13b642a666a65ca9d26126eabf05f0fba571 89
1643862791.4483564 1643862791.4479997 7a831c7a442e2a66dac8ac3f0196761aad1ceff02cca0ffab8049a3f532b9743 89
1643862791.5035548 1643862791.5032382 5e87a19f3968885084997953f4f32a3f07dce2eb81081b369bbe7b842418ea5d 89
1643862791.811713 1643862791.8113272 032caec2425922785313773a0e41761530167f8cd11f5979646ebeaf5d335e0e 89
1643862792.0955129 1643862792.0951154 4aa910788831a1cb1135135097551e76b3ed6dc3af5013860515a678718afb7f 89
1643862792.3125398 1643862792.3120952 8adaeb2fd885ac5685bd793a14316979eeb2cd0ccda5d7a2053fd6403a538e99 89
1643862792.3446627 1643862792.344363 bfb765e8a4fdd0b892ceef769fd3c72472bb9f002f7babd1b0f6b569035653bf 88
1643862792.629959 1643862792.6295033 8d8c9316dad7201a337f8f7828a55716c871eeff3c299ca1b9579d774c9cd471 89
1643862792.8098474 1643862792.8095262 8115b892d19fc21d19d1ddb401171d0ce8eeb2d047994d1a3dd62234cc714081 89
1643862793.01964 1643862793.0193307 efdf09f3017bbac5167080779e1cdd8c6f3647b094e5d837a54fa9e5c9ffdaab 89
1643862793.4256916 1643862793.4253724 565f0ab0d6880548a96165dcff1d950cc42406ca0899ab3852279de0450693e0 89
1643862793.7816217 1643862793.7812693 85f1c86eef5019b8a8a2ad1769dc540f6937ed638f2b2942bded4151d4135895 89
1643862793.869728 1643862793.869395 b5358870dd8f4fbbafe39a57bd6e30c97550552c28dc974f96e3ca0ad6aee472 88
1643862794.1762218 1643862794.1758735 9dfbd716bb757a2e94d48c4c3ad4593c86ea69528caa265ec86aaeb130bed978 89
1643862794.6394067 1643862794.639078 45651a91e0c31d6cab3fa15446c464747a61960b3bd81ec6f14b36128c88f458 88
1643862794.7875998 1643862794.7872367 5911375ca04342918a29de2d5de0b2dfd2c879eb8582fea8d179c8f6a4ae1931 89
1643862795.067709 1643862795.0673366 3dcd7ad268989b7eed945053dfd6f35251336a639ac4c538549a1cd5e9fcaad1 89
1643862795.1620276 1643862795.1617367 65235e520c769afbd8e81006b71dd8eafb2ff73bd53890b05e1a08d341028bd4 89
1643862795.1859555 1643862795.1856441 572579d4e3225cec1afff5697dea70b54a266622289e983baa4142e631656d6a 89
1643862795.2569137 1643862795.2566037 50a3ca75ec266855e5d3d7f2f3830d7f0863a1c81316be6fce98750cac5439c5 89
1643862795.7147856 1643862795.7144537 9b10be54f8e39d42f6f8bc44890d878e97dea87119832c61ce77f011a9a924ac 89
1643862795.755542 1643862795.7552009 2580d5f14bd525ab4257d4d6f6c6aecda3e15bd4e2af4b68d13a5c429cde8e82 89
1643862795.951581 1643862795.9512563 5a901047b9597553ac31d57e57b3a0ce71f48d58db83dab3a46d5160ca1da78c 89
1643862796.1738093 1643862796.173421 e4fb3e1a2b2876f4b84e8beaf4fca739024fb9ee64ad26d0e6a1ab7c55467fff 88
1643862796.334556 1643862796.3342118 eec5ac42459777beccb6aeb145296b6bbb25dcc52af17b9b52d9228f48c95ba0 89
1643862796.4278255 1643862796.4274902 b7c45eee32b6c483790a3e2d6c77e9abb9bd60dfb7046ff883e9e58ca365c656 89
1643862796.6149383 1643862796.6145918 353ed5c56de8639fba3e14e00d73b0c89f1f2f07c48c2d37ab20a6cfc639f152 89
1643862796.7279377 1643862796.7276335 e14de56bf7055eae839beb6282f7536c34fdbd9117225dcfdf56575bf620e889 89
1643862796.8710163 1643862796.8707275 eee9a1cda458181cfff692f39a97749fce2d15fff5efd479bf84e3ad5579d0b5 89
1643862796.9887917 1643862796.9884453 319b2dd6e02200aced4773645d39dbfb0ef2b23409e326e04ca573851201646f 89
1643862796.9933615 1643862796.993118 38196e0bcc92b80a0ace64ff5e4f037188898bc4ce9202f80e85a9c5d5ef7fcf 88
1643862797.0223806 1643862797.022113 8e2898a030180b9c8f0390c3aadb7dc5df8efc9027082450828bc8e81c6c65e0 88
1643862797.1393673 1643862797.139057 adc1d5d732dabf56035746fdf50635b8a07ae011f5dc00113076dc27aca82dec 88
1643862797.2280672 1643862797.2277112 d95911e086e3ec4df01c9ffa2e878cf8e3ec1fb7301b8289ebf411d8d7961949 89
1643862797.2590177 1643862797.2587397 8c2b660bc4f141380bcad186582cd025d5e8ef0b0367b65651b598cafc482a58 89
1643862797.472174 1643862797.471275 80e9fd18a9a4188ce66fcd1eb5c502b4c18c8743ba6a457542f38539f3e2ac1e 88
1643862797.561821 1643862797.5615575 d686ed65b866c67aac61c6bad5bf047a336b056ae8e652d1a0b69ace0cbd3b74 89
1643862797.884525 1643862797.8842154 913f4167b9cb5dbb325ad88bcb8aaa62a3bbc522c497369fa37d86ecfdfb8ce1 89
1643862798.4716592 1643862798.471215 04367098d8835c3e3699d25572f4dcd45ad6cdc744ef205fe4a71d278abddd6a 88
1643862798.5474672 1643862798.5471451 0bc808eb8377c09b9d09475f54ace9c5c41d4f7d491c6263ddfda3902e8d4c8e 89
1643862798.5921254 1643862798.5918334 7043cf01ac8c8daa679c81446bb84750267e24f94ba8943517acb37d844c1336 89
1643862798.8665698 1643862798.8662333 d20916e68d9a6e9e9448e03604e9871ffc15e0e38a782009f608a1f540a8def2 89
1643862799.1446197 1643862799.1443284 ecff419bb3ae8ae58d5907d068e5acae1c69cb04a1badfaeb6d812a3d45e164d 89
1643862799.3750863 1643862799.3747427 864323f036dd5a48ef9e7c809acb8f160caba84cdc1d5e0145299be0383ab666 89
1643862799.873717 1643862799.8734076 8fba023995a8d0bfd2cc9fc95f0e284ab6e3b02d26e274c0bf2e9002119a7e15 89
1643862800.1333115 1643862800.1329072 0d0ed67fc1b99073d035f218df3a3aa4058b6408183d39dd8a202e018f405e21 89
1643862800.233938 1643862800.2335758 45f9a8b1f0d5b9da8de43c29bd2f6e4d67c53f0417155364d288c86bfbabc056 89
1643862800.3441014 1643862800.3437798 def586e479b1a9f4f139255717dbfdb7035d51e438de41a137b3e09e4a473cff 89
1643862800.354424 1643862800.3541253 a79b0e32f3bfccff31e43b84f2d9c150ab8eb309a81768cf96a161dd200e7dbc 89
1643862800.3998742 1643862800.3995419 1d781f83bede48532452378be3c87c6a7274a345563e98fadfb3c877ed314c9a 89
1643862800.401648 1643862800.4013689 a505656b475bed2f948fcb9815ea08e8e7b32b7fb1b2ae15e5235cad8ed27fe3 89
1643862800.4949632 1643862800.4946122 55cc668cf4d857ad2e5a09bf3dd9e241abee56c73d92c2e46e93b4d9debe5269 89
1643862800.590462 1643862800.590092 f50d8036288783dc729f3b0b76380e4da8b868184a29b2889482162ae0977af4 88
1643862800.699097 1643862800.6987092 3cd940c8bdecc153454458f46b017f1b65279926f699e9d29e367811ca7823a9 89
1643862800.7340007 1643862800.733729 cf970a33e527d2bf5cf1923e9f107c3d6a254c03038577d96b58b37507407829 88
1643862800.7614653 1643862800.7611206 37ff01da244a06cf0a6dcf98895a968b868f51119fa0a1047293522c7a8d9582 89
1643862800.776618 1643862800.7762623 0b8e33f2055b05b32399e8ab59e8efc2fd4574ca9fda0bd497668ee3eea9ac82 89
1643862801.0142682 1643862801.013859 438c769945c5c3317016b5a08c83b57a05430ae181ce1c97f9b5a45163af6f89 88
1643862801.0368245 1643862801.0364752 ee33d8fe42e70610a21c230988820dd8385e271d4f11cfca3059da3dc3b017d5 89
1643862801.1544418 1643862801.1541069 fe413f0045e7efb5b64c69db04b7434d39ad0748de1c2a1a3eb7b49f19cadfdc 89
1643862801.1707642 1643862801.1704245 d86a70491bb729fff41d10051f2efb098ff5fe962f1d4271c32f878ce84b0411 89
1643862801.4571986 1643862801.456839 3393ffe708fee778db7796a682dd9c8bb62ce758a8992d57db80149639d36a88 88
1643862802.2829897 1643862802.282562 d5c4190385d80e2064f121b66d933604a7f2712dfe875b7b0523b7fdcaf88e1c 88
1643862802.3623927 1643862802.362017 15b47d268084c9603c5539ad514fce9ae7f30246d3089ee41d7af41ad489c92c 88
1643862802.577597 1643862802.5771532 e1d7da0494a13ba0c781c57fa5ad7bcd1569420807cf68a1594d220e773d6a75 89
1643862802.5874074 1643862802.5870974 2ae57a775240913bd43cf495c9b9466bc5af8ffcbc52e037a78f999dcf2797a2 89
1643862802.6187427 1643862802.6184318 904d0467a92dfed1c391a565972d959b3309324dff603797d69b5dea7edf937e 89
1643862802.650563 1643862802.6502635 418b44926067a8ec7eb30cd6d59fdce737dc6784f832b33d08e9ed5e4aec5da8 89
1643862802.6572895 1643862802.65703 072f7925cc45967eae5dc7756f31b641fdb971d951a434b71e7b4df85850ddbb 87
1643862802.843808 1643862802.8434782 88e7fcb9d2a61a063ea77e533d894d40f1abd16730aa2f4e3ba19b8f1f2439b5 89
1643862803.0400615 1643862803.039703 cae66c7c95c0421762d8dd50c55d58b56fef88760297eb64045f87e7170b47a5 88
1643862803.150037 1643862803.1497266 9413d6f1e016b4df90986ce45746b9d74ca6ceeed22afb250df67d6ce5bff5ac 89
1643862803.2690227 1643862803.268675 ffbc8d369c1badd2c2083202d342bf32d87c0606cc993eeef38ee150cb9c34dc 88
1643862803.2722828 1643862803.2720685 f50b2d7cf3b8ee7438e6307b6975c56d7425381d912767def8ff8a3859b89179 89
1643862803.2800236 1643862803.2798045 c7ab9efe751976b45008f0831266531b7e74cb0c86c8452763bdf2a40e66084f 89
1643862804.1394362 1643862804.1390805 e2782ed4c5c9fa085f972a4fde622895880332c12808e6e4a91d1ec22071999a 89
1643862804.3885205 1643862804.3882113 e986e1ed8dda0b4f03d8736e8c04927f8380d4bbaefd465aee179d79a665a31e 89
1643862804.4126086 1643862804.4122713 a6258e2ae6c5c172217616c781ae8a75b28cbf0826994d0a709b6cbadcf840ee 89
1643862804.6439106 1643862804.6435683 06a2cf2bbf6eb7bfe74f4e6e6cb6e0d7bb5639585524b958da9979785c5f2e17 89
1643862804.686631 1643862804.6862695 b1b1efa998668d48ee4d5be5d95f18d545f3dfac7ca6bd0091abf520593b19e6 89
1643862805.0213602 1643862805.0210202 64740712d524fcee7e0b903d76a03a5eb0fcdefbb6fa057b05a61f2b6ae9f73c 89
1643862805.123145 1643862805.1228125 53f0d43f1200e3550e0b8c2a9931626445c3ca1b16d94cc859e8a8176b0ccf17 89
1643862805.1702409 1643862805.169885 e1bd78d6064f89c5c779a911aaf896f929f8b653037033c81b718a1aaef0d7fd 88
1643862805.3485303 1643862805.3481488 b562804beed72d82399940b9cbc8c7fc21498716ebbd95e8d070fe36f55f63a2 89
1643862805.3976586 1643862805.3972344 caea6adf6461ebf69c2ce70ce904ef90fe09215d8493b8a744af197f21bcedeb 89
1643862805.465944 1643862805.4656177 661c7387037c1e0569889082cd2ce9345bdd11f7db74a8605ef3d5410dd25dbd 89
1643862805.7498906 1643862805.749482 3aca33b6421f68f0745def16f3651ac9c2588a7cd610a7881bdcbf1f0dc3b1da 88
1643862806.5659525 1643862806.565579 c5c550fefbf664674f10217186ddc26e9a0c6ff2e5edfea1687a7219ad9cddf5 88
1643862806.621183 1643862806.6208997 0ceab2422f2982ded861fd1c838a66fc7cdf1c9af40ef4362d93376bc2326a1a 89
1643862807.02488 1643862807.0244095 58377afc87a31321ed6fcb08b84866dd02cd725a3a88ce17a423d68dd5409b19 89
1643862807.2591043 1643862807.2587254 3c6fff6e885039c344cec262b2840b65cf7a7ec328fbc5787acdef471e7b17d1 89
1643862807.7526867 1643862807.7523677 287de3071df308d581a945c7e04150b41a483d6115ff11d3d4b4d118c234a522 89
1643862807.8245287 1643862807.824236 6c3ef3f1871bff6711160acd533a5454d1e2ef085a9a536c341739a23dc23b5e 88
1643862807.958372 1643862807.9579794 891fef8bbea0770e447e01858d44cf9a65de60009f9df7b4a3f434b195b594e2 89
1643862808.2275734 1643862808.2272384 8f5ac1b7b3958a763cd76e42304c6a2b066e2e46fbc3033752664bd50a963c9d 89
1643862808.2476015 1643862808.247319 72a2a8b12a5d94fdecb248a5f293899d82959a02d7d698b98898b82589cf3929 88
1643862808.7530174 1643862808.7526608 e579f592f64967394bc3d81cab399cc22c10ac5f43cf44f6c3a54159fe363cab 89
1643862808.7567568 1643862808.7565064 3aae43a3347063a9aa1364b02ca4c67a7e4af274d08742fbe401ae49c84cfd9f 89
1643862809.0199573 1643862809.0195994 9e9f96f60377a340b4148d21b40b8708859f3fed452c031f193a98fcc699f5b2 89
1643862809.2302172 1643862809.2298918 cbbc4be74e7a36e6cc3f18ac1ebd6b9fe9dd55d2aea8d071411955c9b652de38 89
1643862809.2490242 1643862809.2487743 02ad7d3c463712e3fad0fb6725094f6b9ad124e6ce1068ccc2db440eaaa096c5 89
1643862809.2897954 1643862809.2894495 7529ed736e3af17841831141ea4d0c276c9656ce47d5a04bfaafacb17c7a6319 89
1643862809.29639 1643862809.2961514 a6a2cf5dddb9670cd0aedda829e1001da0674df22ce7a760a9b28048b464af8f 89
1643862809.469731 1643862809.469369 d8e982cc54f3682c1d0aef8232fe0e5282d9961376c0575e3721cc410231b9a5 88
1643862810.0187764 1643862810.0184145 2ff5e908e3a1860e953b849a444a9dba39f5dbc366c3728b9463875e4d4f7582 89
1643862810.1230652 1643862810.1226819 7b8539565d3ee938e49e12118e1fab94d3bc6878d7310d8d2ff036224972560f 89
1643862810.180248 1643862810.1798632 05a0a8502fdf937576aa936d25a03406ca163d4b9be3b80f9c874bf34e6158b1 89
1643862810.2345786 1643862810.2342384 ec8e666430d26d56eb8882cd6aa8e709528ae33302aa4c4b8794b215cabb9fe8 89
1643862810.3665583 1643862810.3661559 16396d34234b4e8c2faddc88c966ce3b591a3d39f20d792607932825c892ee87 89
1643862810.4152715 1643862810.4149404 9b81b90beaf11cc0a6801571f57b38a59a3c36cb95bbc633dc4868059e4ea794 89
1643862810.8979354 1643862810.8975296 62c4301a93f65e28bc920da489f158786352a2561ca53c52c657e0d35ef67731 89
1643862810.9081388 1643862810.90781 dff2812d34b86b3f773b76217013fa3fbe74bc0f390d94b507e9f10b3edeadd9 87
1643862810.936744 1643862810.9364605 81044495941772c3e4dff6bd341778bdaf16646c1182cb0f6747ecb005adc071 89
1643862810.940801 1643862810.940576 e040fd5c8b14f01cc11db2b7aff7f50634f8e9b89a9e65520fb6b82a7ae7d7e6 88
1643862811.054491 1643862811.0541835 24ff36e49f57587f625c5aa6136ca8c8d9c96919e87dbb8fee76193bacf04a81 89
1643862811.2406032 1643862811.2402291 f3a1a79cdbb957de0128235727d250c3d86792ed88cdf8843a9470a51d0efcf5 89
1643862811.338043 1643862811.3376784 5e1ce62cf24f3075d736d3d087dd9d858bf42e7d35ca04dd085ea80740787923 89
1643862811.7112756 1643862811.710949 cbaad83188f843012483799fc453e34823f8d0d8ab50e23eebc475ac7219e93b 88
1643862812.1134124 1643862812.1130672 628cc683835da4ec442d795becde556b2f396c60a0d7e66c2209ae8e76bd8cf1 89
1643862812.2552776 1643862812.254923 6e1ecaa8d1a212369a0f0428d739010ddf7e18ee366dbfcf4a3dc638ff60f609 88
1643862812.2620955 1643862812.2618492 fa286f4f7f060b7004c49cb23d29f30617b8b924fcd707503d3d2f4af4ab52bd 89
1643862812.344419 1643862812.3441021 e2c532a6159abd8bb483699f89700789991658a80a39f23e391a90e8e8afc01b 89
1643862812.5588343 1643862812.5584915 4111fba331f2cb9d0181698ba7b1339a92aad81a3e505fb9a84ce8b9086a64e1 89
1643862812.7714956 1643862812.7711563 edd07b4a1d78e98f5925299c52c1e59ddf302df8e19804b3c6d3dc3858b2c61a 89
1643862812.793844 1643862812.793539 95362f03fad69b50da7d024ecc02917b684016a0b696e363eb195677e803a83c 88
1643862813.1082006 1643862813.107857 937ecb11bce5309c6b999cc3e3401e560340ff20aecd9caaa2ecc80dd60c42aa 88
1643862813.2040622 1643862813.2036886 b733943a8703df6ef504e16fa882747227a570aa07c4726a6098119ce6b69776 89
1643862813.3842165 1643862813.3838792 b755d83e0960c6e95593b51c8509e99ff144b739f954e96e425226d5e20f8c5e 89
1643862813.5601575 1643862813.559868 c1f00731382087ee688483afb784418f4b5d370bba4e5d2c28949b515d53b524 88
1643862814.5204391 1643862814.5200715 be6d6b98f130906d6a7ee6fddbd184e4287cf6102b5a8166ab963b48fda63219 89
1643862814.6230855 1643862814.622756 d5710054c34b9e20e489eef7b000ff3d99f911fab4f4e2a94e732fc743b55e2f 88
1643862814.7416582 1643862814.7408605 82ce8079eea2dbdfc97dc5418de35fadea401bf95924cb201aa11a57bef4ebd8 89
1643862814.984808 1643862814.9844341 a29dc3ce1a4d7b93409a62789e2f0d714c8c32dbbe2f2cd6733b490b556e4778 89
1643862815.0644636 1643862815.0641603 8e6427ed59e72e14ece68e270fa981c51c70032141d0989da948494cb4aa9952 89
1643862815.2859197 1643862815.2855723 4903edde22313b2326f5523e42e4281c065fa17560154fe73364f38a8bcafbef 89
1643862815.3094323 1643862815.3090749 e254ab25cdc53f71b173d9f45ff61bb69b35561269d54a96b29ed9fdcf1ae1c9 89
1643862815.5094044 1643862815.5089989 ca4a62102df2526facca849721af82a619bd3f59ba17c98f84cf43512651a202 89
1643862815.551291 1643862815.5509474 626a9379ab306540cec0408d74f8dc5291422ea402305cf08e11bdb681f596f5 89
1643862815.8600714 1643862815.8591874 6e7fe855e1989b1f1b1933900f256c75fba08a70ef79521f04bc6aa8dcb57e51 89
1643862815.905419 1643862815.9050748 be2e585906d22c5bfc92fbe90ad50dd49c6d8fc223f4f6760be3db18050e68ac 89
1643862816.1503944 1643862816.1500602 7f618a4c79a279a765b904770c9907aac3425d238721218227dcf2dffc085a29 89
1643862816.5653486 1643862816.5650198 380baba3b16a01671c7d62553eac1381c6838f0f2cda4f30716ece7506f09206 89
1643862816.724858 1643862816.724507 756540b0fe90bf342373c8f592211a35d193147423500fa0e04d48e17001557f 88
1643862816.7719736 1643862816.7716784 1b295fcca3b7e9a31b1811265816102712842b37d758e48d11bb1cde13c0be47 89
1643862817.0490234 1643862817.0487309 eeca0a426be390e791d0537bc443f5edb5259d4692586ac6f2ed1158568ed62a 89
1643862817.8268301 1643862817.8264973 cfe9c7468af3c1e7b8daeb90e5fae01263d76c793e52acb1d4df3a6e5679cab3 89
1643862817.8978186 1643862817.8975024 1a4f8b73dfc6e9c2ca9d561f807730be67df97a2e0c07b2cefcb20d239d7791b 89
1643862818.0122795 1643862818.0120115 66cad154e526425b02ec0fc254430a61627995ee59b1a3afa4f7a09fb4414452 89
1643862818.110396 1643862818.1100469 dad5cc1f776226f41f94193618d8ad5a362c4ee827aaa024990207a700eda807 89
1643862818.2688825 1643862818.2685184 990b530a9b98b36d10ebb7008cdd0b6c1a482e332fdcebf1091d69d066435bef 89
1643862818.3232894 1643862818.3229656 16be5ead2da51df12f6f75beb9e8c55141d6bca7b73d5cb6c8603af7b54399f1 89
1643862818.3815072 1643862818.3811517 a280d20a76e3cbe39244accb69080d721ec8817fd2a130b11893cd8cee5bcd33 89
1643862818.4230561 1643862818.4227412 43be4b01017e113b0d4ac78d7430e864ec570b1c5a27d67bb0b728f11bc1b92e 89
1643862818.5836227 1643862818.5832722 227fdd4150d0fff07be320016609d399ea58c13eb54376743d45e32b898efa00 89
1643862818.7813785 1643862818.7810478 658023477fe620243824036313207c6f8a99003e850a1211d1c5e478c7c4e20f 89
1643862819.0625408 1643862819.0621953 a14223aca89db08c1d391950fa0879d45975cf853cf2f30c86c1eddca86ce3d6 89
1643862819.3030758 1643862819.3027153 1fafcf25d439963953c991e278ff4cfc489c72957edfba86a819aeecec6dcbe6 89
1643862819.3232543 1643862819.3229582 5603f42bb1a03883ad68944c49f7666b708a8400353ac9c10c0074ae090fe684 89
1643862819.401095 1643862819.4007862 581405cf9a7b8a0a6ac2045c446d73aa52fa6fc26a6acd29ab072e849397bb65 89
1643862820.160104 1643862820.1597168 4873236b124bcbd36344e1d43b804d31b02a5ba07142c6c9489b2f73ef5556eb 89
1643862820.5694082 1643862820.569062 2f337328b55f9a40dae7dfbab411f34a655b21a4fe10a3e7495c02e4efdefc5e 88
1643862820.94059 1643862820.9402537 d8e4d170b2b6359744ed49d4d419e67d916e5a0f96ecc9104c440a083bb2774c 89
1643862821.2322662 1643862821.2318945 3c86985430e66b4c1566928766b4b35d8ccf5023a59409fffb5f68b12119635c 89
1643862821.3509872 1643862821.350695 5153a17390c63a4b8f3530c567d6c995ba321722401bb0493b84cbc739430432 88
1643862821.4212859 1643862821.4209707 ca841dc439fd5c81c0f1b5998db57424e712c3a2518ab723e032010094278bac 89
1643862821.5938091 1643862821.5934474 0657d92d1dc8e0a5f7aaaf6d6c2c24ce9269e73b22f2649ca261fd8f3eafd49d 89
1643862821.7865067 1643862821.7861903 3b3a950c433be2c9c3cbcf556078d8101e257bbfc8eb4e959c7c126e86fb953c 89
1643862822.0046265 1643862822.0042758 ee810817beb2c5c96aaac69d6e52a26a1c91a4970f36ddf489d46605572d1c49 89
1643862822.1697023 1643862822.1693919 0d1535f738019e75f788d130a07fde8e37821f13aefa6b3be5d5bc0769c54afa 89
1643862822.2032633 1643862822.2029808 9ebeb8da3113c42f8f1e71e2ef63d55e74cabf86619aadab2c5417ede0e8f93b 89
1643862822.7677045 1643862822.76739 b280043411b2bbc89608e61612a1814ee8302b6251c2e80e5ddd1e1476329064 87
1643862823.10005 1643862823.0996492 e3abee379f1ccb587ce5efdcf69c018d175d9664c2c192c2db7975b0995bec46 89
1643862823.1929104 1643862823.1925583 24bf46c086519464ed426ae867cff31249f756b6438226956a38cc6bb89a565d 89
1643862823.2065413 1643862823.2062645 89ca12903dad55d52af411ff959056740b7ad1651a115d4fe0a8e56830c5f839 89
1643862823.288584 1643862823.2883117 764897e7756949d9f7b1aeb31e115c92f4bd6dba4b09597889c29cae6e6e8edf 89
1643862823.3137982 1643862823.3135335 3d36888276969b9c177c2e5e88ef7a7033bb342bf7f99accdc042e34a58e8294 89
1643862823.3874974 1643862823.3871992 5b9e57b67b3dab44667d81d7010c07d528a08def70020477a807871b1baf32cd 89
1643862823.5091825 1643862823.5088122 831743e92574d9c9b28683d030fcf41605b7534ad08542c4dcac7bbb5ef3eba4 89
1643862823.5584893 1643862823.5581498 7de46471185ff293183f65c0017873e6dc6f0e28b635bda1c27c8b0aa0eb4d3c 89
1643862823.7740686 1643862823.773718 dbb2aa5fea84e1150f03620b2a9aa037c418df8539296d4d3d27b531424073a9 88
1643862823.8016033 1643862823.801344 f24d50dc2364aebcf3783332c86f1b14dd7fe024f30b1e4446db0766468e4e21 88
1643862823.8481646 1643862823.8477924 369f0ad2f248f8d0d188c5da58c34191184c8fd9a3a94e7645547bfa415efbe8 89
1643862823.8775804 1643862823.8772864 e095c067e254420eb1c79296356b8b2338b583b249b3ac20fb766251a67756f9 89
1643862824.2173133 1643862824.2169964 2cfeab1d34da1e632191c0dd1eea3e2fcbc419737fe47b6c1da0dc10b24e4d74 89
1643862824.4521089 1643862824.4517515 e4a3b80baa5bc51050476035f9f9933bfcf850db0a266a2a8ccaf223edb61c36 89
1643862824.5515723 1643862824.551175 4dc12c101b052701bdb60a712c325d300748501f7644f63e2791f9c741de672e 88
1643862824.7702892 1643862824.7699816 6bd5d6446b42978d248e48cbbdc86e2dbc3ff76b91756ad6c0d1ed29b4f1a8cf 89
1643862824.7807822 1643862824.7805583 e1b0dbe1fe2d8709556d6d7049336bc6b27ac7fd65608b3da8bc839c3a81e22e 89
1643862824.9607131 1643862824.9603963 0bc6907de56f6a18c62f486690f9b99d92dcb2345575bad5f12f22caa795722f 89
1643862824.9937608 1643862824.9934409 e347fce63715aecbdc2a5fa91f65828f0d71a2d61ff2e74435836248751d58d4 89
1643862825.2005877 1643862825.200194 b19a3220a12cefee9c40efca7065e6c2cc37722b91558500e395a9f7e341447a 88
1643862825.3250399 1643862825.324701 558e8875496568605dc404475b5756ef8c6e4cdc915f0859644a927180311e4b 88
1643862825.6072617 1643862825.6068997 29cec010978c13fddc7a5badd9abca51f791b356ef7fb964fc055ba8bc6e12b8 89
1643862825.721431 1643862825.7211246 b3142b4ed31d20c2e2d3c7778819e185cb02d1b4048c577f12a14ea1b7ee2b45 89
1643862825.846155 1643862825.8458238 3799ba146aa979beb39bd3cb1dedfde0d611e0192e90a41b003781767df70875 89
1643862826.3517559 1643862826.3514578 6cc48b33672f33fbad6bf8cefd8ed88a5a4a742b1e8b1d790553e74a6d097238 89
1643862826.6112921 1643862826.610965 438952478553cd36261e098fda42fcd9162e0ab8264fc23a0c22fac05f57c773 88
1643862826.7794626 1643862826.7791026 008ad470b9ec3088366f0361424e5612bee755efb40c954bac84e54054ba9698 89
1643862826.8104043 1643862826.8100843 06af7b770ce420032eece126355d7a1e5ef1f4067cea4973b6a2c5df21d9c9c0 89
1643862827.571468 1643862827.5711095 b3563c0a7dc32d3f459367f9d9b482df5b9ceac0d7d27bc00a223faa86eaa0aa 89
1643862827.6996987 1643862827.6993284 0df9e247f76c1939d689348438679d880aa8a00f322425dbca2da2bf2fee89db 89
1643862828.3361967 1643862828.335886 9c937ebb3d845a27cae96e9279a263f40edde9d0cb77b79dd0a72869b233d8ed 88
1643862828.3573189 1643862828.3570476 18aaf9601635b17d22e1bd7619e2f62f29bed1b118233eb8ef18a672921c5398 89
1643862829.1568735 1643862829.156485 0c74958df16d05258cab469aa6a46c70bc2008f96006bd5a9cb574cacfe089fe 88
1643862829.3299937 1643862829.329625 6ab0125eb5bf320bdd5fdce9f2236c725893353ea203c911b5abd8db726b5229 88
1643862829.454859 1643862829.4545004 2eeb33f346edae7ee1ec70ce1e2b95b65ff7c27cd7f8e164bbe55dc3c73c4a07 89
1643862829.675269 1643862829.6749322 322ccec0e379a031b3ece5ae2ac5bc7505b700ffc49f99fc8b2d1be236ef0509 89
1643862829.6867921 1643862829.6864781 310a36f05057b9b8458accdfb5b1f48d3460d028b9e977c91999e3f67be9171f 89
1643862829.9490325 1643862829.9487255 85be5a88c4a8dceb4a1292a95ee9116992d95c4f48e3a6d84c8ce0ddfa35f33b 89
1643862830.0082948 1643862830.0079598 b7fb9c25f3868fd21b596ec5c2666863404a7943692284ffb4b086768c0f7cdb 89
1643862830.125935 1643862830.125541 2eca7179cb0fad4f84a657415b94a38373aec962aaf986639da9c05a08a16f2e 88
1643862830.3983743 1643862830.3980052 16dd6a295011d5bc9ffbab00aa78b7a300bff63203717234b9534e7b52038fa5 89
1643862830.4126208 1643862830.412276 cb4fb9f36ea6eebf53d53d96ace2453d1f4cd5a85247897c49f3293d3d03a924 88
1643862830.6127744 1643862830.6124492 baa972af16a80f8c591d20fc6bb108a3ff189a441f04b9cf084064c3d0c9a06f 89
1643862830.8016858 1643862830.8013964 ae4439d4506aefa93542b5bae604fa42312ee816d07d2e85841e180a239115d9 89
1643862831.0571032 1643862831.0567477 82be69366634558fda399a59c054bfffe5930339a110a13b977f770a2db69a1a 89
1643862831.1560292 1643862831.1556547 b04d91efebb532c7673d258846abb94a86b68c22d47272963d460edf46fb97f8 89
1643862831.1839948 1643862831.1836638 71e2fd54200aa2f5e8204994aa39d160093efb216dc3fbea1918fc11f9a74a9c 89
1643862831.234393 1643862831.233995 ea3abc11bfa47fb89a19c7a519fff92c6b2c74f12d04b73597db0d95300d50ff 88
1643862831.5772042 1643862831.576814 dc18224d9775989deea33b71bf02d62242636f53bfc321a8a4ec1b0611bcc477 88
1643862831.7821925 1643862831.7818472 d0bdf49322ade870b6ad5b03276fd6af48775e9b93f35bda8ca8e19bd29d7c36 89
1643862831.9426801 1643862831.9423106 bf167c125f4618850bf04aa99ee174fc2caab914da4886d1d58a7e0edd3500ff 89
1643862832.0031 1643862832.002783 f9a9bcb520c15265c03ea3ef245526e34943e75be69335b7326d651221d03a6b 88
1643862832.0358856 1643862832.035565 4ce39f058202de7210acae27375b84c14a36ca1f36b21d81fafbc14b1cf13142 88
1643862832.0996718 1643862832.0993896 cdb65adc0ba619db1a6ff23eeeed4a4b203fdf14fef81c292709ae657b3633c7 89
1643862832.2664456 1643862832.2660959 415892047a312645c88230debdb24d0d60478e0abec8c3dd85d3771b7721b853 89
1643862832.6390715 1643862832.6387894 a0a14c8cf6fb4d113f4943d79e86b3f8fe3430d496c14343a549cf237da7cf99 89
1643862832.7874606 1643862832.7871327 ad5d3b324fa28e4d553ca09976091d943dc000424a4a0d3c22f85e6f36119231 89
1643862832.876022 1643862832.8756788 e0d4ac39906ad5769dfac7171e670fa2daa4ba84a4f73e7d3c517c2f4fe7df44 89
1643862833.3789728 1643862833.3786619 24552760406026f37d40640cfb29e902059cea0e49546c8d41fd75c63a4eca86 89
1643862833.390205 1643862833.3899622 471fac5285e698ec61550262f3da55c8afcca63a92ed8d77fa81f66348c4c8c2 89
1643862833.4296827 1643862833.4293895 57f990fb0551062c40952fa3c806137718f800a8651a2a9fedef4a90176c617d 89
1643862833.8013687 1643862833.8010328 afa76f6c5cd0974791e7083c0ed88f7efb24123a5595dcaf3a2b6743964258c1 89
1643862833.8714592 1643862833.8711145 79c189d2fb936a3b4665b50c995250b50697d18933d3f190704e7daa89820857 89
1643862833.8954978 1643862833.8952384 19aa876ab74d4a1c3bb0dd0ed7512a430da5c5a40251be226aaa2aeb0dfb0ee8 89
1643862834.0457604 1643862834.045444 b3a88829f2dd820ba4ab8878f4ab570fc776eb2f15b5e2fcb85040fd5b367a96 88
1643862834.2196305 1643862834.2193236 4637bf4cb315bff9aedffdaadf00d300f1614b42ef94a503873ff495055c13f3 89
1643862834.2946224 1643862834.2942731 7c8e799bbd7c8b6777984ba58ff34ea36a66807c576901f893b52a31965f383d 89
1643862834.302003 1643862834.3017302 d6d628df283cc54d559c1a0e12138f53253027cc8c4751cb88be860b1d9d820e 89
1643862834.5070777 1643862834.5067542 474e6be80fcfb92a869fe948d088b653ef217fbba34f17773bafb47e303515fe 89
1643862834.60867 1643862834.608336 d269fb514db83049306850101135a3c500ae32d7e7f83e6fa0c8df1b8864e81c 88
1643862834.6523373 1643862834.652066 36ccb55eeb9bff9130e6bedb3151981903157822dd38d8ee65973db51fc00414 88
1643862835.1753159 1643862835.1749418 5ac1830e8499a2cadfbd7f4610de0cfd728e2e27fbd5a0de1d0aec6806b06564 89
1643862835.5436223 1643862835.543234 b7b1fc41c7f03b24454b39473c43181f2a16551224cf6c3851d7845ddbbef424 88
1643862835.6440623 1643862835.6437395 bd4c75144b3ce8f41c357e2d49bb12e8db860337db1bdd2029bcaffc496659e5 89
1643862835.8870747 1643862835.886689 93ae49259bfb62a5033b7df1c2227ec7b188315e3b1512ecf55f2275ab61f2c0 88
1643862835.9605181 1643862835.9601665 8ed40ee04709b5b546e677ca2d511284290bf18b8165c9bae06b00dcd3dbd8f0 89
1643862836.2402463 1643862836.2398608 78060079cf31bb4e4903b5e99092b956447eac62941ac29cc8886f3278c85742 89
1643862836.241928 1643862836.2416947 cacf8d2a4eaab9efcbb23ea8057d41598f237882bbff8728017e62f4fb2fa3e0 89
1643862836.532561 1643862836.5321865 03481f956fab46602ba2bacfbafa3d542ad2deef33a3855c6e4b63e034e29f9a 89
1643862837.46962 1643862837.4692624 96199c935ce299e420dad2983d343d5505504b2dfb8c2643d7893ca53567e5f1 89
1643862837.8660915 1643862837.8657682 0a615577345e38ca3aee96c8c890b44bf33b93e9f452908fd5d17716b3e04a80 89
1643862837.934978 1643862837.9346647 308e520a00eaa2f7ed8e0620eef1c67faffa752d6e4dccaa1481b80406f5a601 89
1643862838.3534307 1643862838.353104 786535539d1033c4917afb8b6875aa10f1a36a2a3f3ccc3e9ea09cbbb1b82d9d 88
1643862838.3613644 1643862838.3610864 d90f2b663b2186bc6d0647ca063e3aeb8ba592448b19fd70170ec25502748b48 89
1643862838.5759115 1643862838.5755603 cb15a2157c094d7a0f86f10b4f9741511ef8c3ddb912da3f32838c2b23eed11e 89
1643862838.6209347 1643862838.6205602 e17d00138bd6d545f2eae04d84c6953f6d1ff3af56cda2f4f47c272596bbc3f9 89
1643862838.7722325 1643862838.7719526 fb1fe16bbb6b03793fcf5f79bed86cd0f3f8327addb19de5f2fbc98cde61e493 89
1643862838.8487134 1643862838.8483953 8c543d19663703270623c47132a214e9103193d6b4a42e1b91c580d00d7ce6f7 89
1643862838.870304 1643862838.8700392 fc42798485aa0431b770eb45972503f25abba3ea32d32cb1481ca3ba4a33885d 89
1643862839.1712766 1643862839.1708338 c1cf0bba07ce9134baeba1a54e00d8f867dd487bbe9153c1e86921ea2dc5d35a 89
1643862839.5682187 1643862839.5678287 df551199b9c11c79208cb80db24019449b2e7b0e8308649ee57833b881130aae 89
1643862839.6481602 1643862839.647846 ac08d7d889059640e947e2b66e8649a049d16e2ebd522edfcf0aa45981e11d6c 88
1643862839.6730824 1643862839.6728044 6aeb019ac9cf1b7ab1015f1ea379434261d0f079188e1d5d0ab092ed66f4869a 89
1643862840.073418 1643862840.0730984 d0ec68c89a853f1df3d7434bddd8be7fbc97aeff00816112c214c10d54fa71ad 89
1643862840.1743245 1643862840.1740048 838477d999b5ab2e309f57a7d8a52c7f584895580dce6f1c56fc43995d327c42 89
1643862840.3072507 1643862840.3068676 ccf4a854dfcc750ed49fbc0ebb88babec4bf36e442fd3563bcfb42777718cb2b 89
1643862840.633332 1643862840.6330018 570c1ece6d351dbef88716a1c1283d0e576d82c0d5023df5a6914380f024a921 89
1643862841.6369007 1643862841.6364744 185d8fe81b22651c8f1d5b9c3977a22f281eef85d7e11907c9a225d34b172e57 89
1643862841.802902 1643862841.802574 92b3076f066d3ec9256bc22b7d5b2e70534ca9c8b1c8cfccb03dedc785014802 88
1643862841.8417964 1643862841.8415165 b7bcb9cfa13703f47736317df069a12a82cee61521cc53003b21dddc5b3604b3 89
1643862842.0996203 1643862842.0993118 545a0d7797994cdcc8a88555a1695545e9870a9b94381da7325ea14f2b112dc8 89
1643862842.2093203 1643862842.2089841 2ee44d0dfa944a2558691fa321b9b9d7da93d280239283f32cd2caea12debe63 89
1643862842.8084495 1643862842.8080895 eff8600bae1640950eadb82139cdf4829e7a7e5df7319ccccde9a6fb504b0f5c 89
1643862843.007581 1643862843.0072806 f5c326fe62b5be05182de020cdb109e793dbd703092eea524fc17b788389e890 89
1643862843.3385499 1643862843.338236 eda3488348a2e3f160c057b296c020ab46c84cba0fdeb7bbccce0ecc7dae22a4 88
1643862843.374094 1643862843.3737898 3afc1d962fe995561258b68c417ae84e85427eea6ceafba967e86799225fdcc8 89
1643862843.7267735 1643862843.726477 1314008b38046406781ca6fc493e22a5f7703c4025c7d3776fe288b4885dac29 88
1643862843.849324 1643862843.8489714 34b8ede41dbac2306639d84149908d670c2503bf68b8494956c7ea4143c3dec5 89
1643862845.214232 1643862845.2139037 bc71c7cfa4e3e98159ae5c217dff2526669ea17a27bb38eaf565519c73bcdd49 89
1643862845.2395003 1643862845.2392273 a8f315ba0b38b1884cb1718a081a4ecbff62f5f6afaee74c3bc08e53a4c7cbab 89
1643862845.2408032 1643862845.2406182 0e51f75a0739fc94f878627823af3864180a51a8735374235330fe63185a58c6 89
1643862845.2665977 1643862845.2663412 b65cb1d6f54a1cb6ab110ccc51e80773c466d0ba81f6ca01a4c87e9254d51115 89
1643862845.7458801 1643862845.7455406 c26147d0862c6a0f16892bf943dc546fb305eed3418dbb78022aa318c0a5bb53 89
1643862846.4336147 1643862846.4333084 9361035ee4c784c5e1b010fe29f0948b3078df60cbba3cbf7fa3af3698c5bf4a 89
1643862846.4653082 1643862846.464962 daec39a5bcc9cfa165459f64ab81c2b2ec3d1c7c8168b9bd5f1457a87d53eb99 88
1643862846.4855292 1643862846.4852526 d8d471b4093302b4b9ee9cb497bf9022859b786a0ab032b18d75e7c1873e78f5 89
1643862846.9486861 1643862846.9483418 c8174f50780f667cc7faedbb1a58161f93398a2392fdaf010934cd96ad5b3065 89
1643862847.0548549 1643862847.0545235 be11cb57ab86563a16570a8a6117ee32dc26dac5992f11c703393c320a7e0af4 89
1643862847.0793266 1643862847.0790372 b59a6be664ddf112dfca3d9eab4a186798feaf12d6d652a57547b8959be22ea4 89
1643862847.1128638 1643862847.1125152 e7683ad43e7d80106e30eee96bab6e6ab7905bba83312eb6addd5a1d8a6ae512 89
1643862847.5839293 1643862847.5835397 d874abef7e57d8809c630505f9f790ae21c6ad8abf2617b66e361f6a95369a24 89
1643862847.6985571 1643862847.6982508 f77ee97775fc534b927efbbc01e51c9b060915ec5c7a57fe1226953f99d417b5 89
1643862847.9263353 1643862847.926021 b0ea0e84c4f3e3ee3c5fee1653f6dc19c724a3edf5b41870e5bcafc6bea4424c 88
1643862848.6560526 1643862848.6557612 5b68661377ed5da45ad5837ba636af1c556e9e87b7d96d60ded580d829280695 89
1643862849.071897 1643862849.0715878 de15276febc95c1fd7a23557f4e6a1e09156324cfb9a3b98d29bd21151ec860e 89
1643862849.3693156 1643862849.3689861 54524504b6df604c410c020b9efc429bf37d71d03fd2707a5fd5fb332cc99bec 89
1643862849.4102879 1643862849.4099896 28346483776ec8a8121a192c73ce7d58ed4fc0055a5635b2ddcd022bbead95c5 89
1643862849.5641418 1643862849.5638053 32e39fe820af739346aa62e36784496b43e7ab60ffac8422593969b241f7396b 89
1643862849.6374114 1643862849.6371095 0e3f79e9e56e1c9c6ece4d3474b88e8ec36382eafb858ade0c0a868b66b04545 89
1643862849.8564363 1643862849.8560958 cab4eab7cf124f55b144b0b4a8c240e995078526c5d6eaad10a1d31187b4f794 89
1643862850.2936683 1643862850.2933557 57bfc4dc9f40f1ba5485b136e5ef3022fc629e504b50069b10ef8ef7300c4852 89
1643862850.5107994 1643862850.5105112 a136c4f9b9c8a50d9391ecedb22c3d1183aeb82ae8c8845b47659dfc1c003503 89
1643862850.673854 1643862850.6735153 2def3e896f359f063b6a2947ec1e7269adcea799cf3810527f37591268d898ed 89
1643862850.828596 1643862850.828295 537a5e1977539ca31bcd1ff444d652fbbf39c669018cbb8001ab122fc32b5f85 88
1643862850.9505754 1643862850.950276 532e3f16b59dde77e50d2c8e1e1b25f17e09adfb2651d17935fc3e98b65bd49e 88
1643862851.2309492 1643862851.2305894 85518fb498900de65cb191aadd50dc12df83e26f671843d7e88dbd89b15ee82f 89
1643862851.3348677 1643862851.3345232 1fb700a5d3f3c48b5ec9024da949a086b7009be1d0c8712b36661296abe4ae21 89
1643862851.5393305 1643862851.5389707 1bdaac1978ea4a1b503aa3a89047bbf0beed931089e481dace91cbde98d22a10 89
1643862851.7449021 1643862851.744516 a6b6cffb74c3b8393ee8d2dba9b747099ac18e8eb078457b2deba23e9ec4c6a1 88
1643862852.105935 1643862852.1056206 56e990c492e9078b2548826bbf7ed62b47874bb8cc881473f2be0f1f17141858 89
1643862852.3255742 1643862852.3252628 b68e2c4935fe877efaa4f548dcbde0daa7f4716f40a074dbf1e6173394f32715 89
1643862852.677199 1643862852.6768372 57c859a08828a5bb28c37cb4c96ec13334df888dcb37a11944b96cee99ce14b0 89
1643862852.7838845 1643862852.783517 77f5459e5f993cfd48f6cf5fff1fe434885428a95f833a6c3d1a4696a7f8a397 88
1643862853.2766204 1643862853.2763107 2154e246bf6bd3a127212601fead958d856d1a7ca81d375dad843d95d9233039 89
1643862853.882423 1643862853.8821087 8896cafc127811d661f1666dc39ecf3415feece476a7ce0be8a2a1095a19452f 89
1643862854.0738592 1643862854.0735176 afbe4bf16658bc2b18cada29c391944c7eaae0b4f64a6d6764861512ec79683e 89
1643862854.5437307 1643862854.543388 74a1c29e2c3ca11c434ee8cbf702cbdd2ccb2382d7cb9605e8188346ebd3edfe 88
1643862854.5894694 1643862854.589156 bd5e7b922ec6e95991c1919a0342ad427772cd2656e5b17e76a4645bc3402905 88
1643862854.5922577 1643862854.5920613 40af6ad6fb1b50f020a56df134941c8ff1d556dd34279901904cf0262ce8d5b8 89
1643862854.7399416 1643862854.7395418 7ca12e393bb124f5eaf94d99abacc56be83ae1e0bdd8187bd6445a0ccf91cf7d 89
1643862854.764611 1643862854.764308 893746f096befac7814fcd342a4e528ff943a06fb8e100cfc669a0aaa6568265 88
1643862854.786183 1643862854.7859037 120762be645088de62ff4af1f491f811c6d49202cca0994b6736bd82bb5e6895 89
1643862854.935863 1643862854.9354668 737299f6ec117a57eb54d76d9ff5bf66e8c57f84822e8b92d1fe36db45a94772 89
1643862854.9771419 1643862854.9767225 aaf054f1d27b19cf6d09acaf30eda1cab7609d736c60bb48291241477dc8380b 89
1643862855.1339083 1643862855.133593 31943dee895a3b5d418e6c6744a4fc734344219ff72098f3ed25d165d82795ba 88
1643862855.1846623 1643862855.1843543 2140604856a68da346a91581281654574e868df139faa14adf14b75af3fc0efd 89
1643862855.3436399 1643862855.343285 b2d35827f43b8317c321f6d2cee51635c39ec4981126d6d7365bb21b81522b9c 88
1643862855.3982797 1643862855.3978992 88b1c514dd06b760e54d72c59804e9d871342ad989932f6ee015630ad9c31ced 89
1643862855.708197 1643862855.7078369 3319411a825b94275539fecc7899f837655162de82a712d527efa315c8f5095f 89
1643862856.7455108 1643862856.7451732 a77bbb7206050b34e5b0a501e46b5453a6b53badc58aacba3228ea32f493a600 89
1643862857.2100892 1643862857.2097182 521fd5c765d473aeadfc0760ecc8b06a3c53118d6de9264b05edb33a2e3ca818 89
1643862857.5973039 1643862857.5969496 d68b72803c00b9f4e4f588f0dc439b1d7a9b667ed1d90aa3fed1c16b0e85c87b 89
1643862858.2385879 1643862858.238191 56a678a6c98b596b5d724375523273a9cfa577ed4bb473090d42af208fb57e4c 88
1643862858.6453006 1643862858.6450028 179e1d15f4733c209967800715c062c3064bd266ee19e2fb41b57c792d5f3c9b 89
1643862858.8968453 1643862858.8965397 02636bad8ca01cc030261856def1560602276d35d433bad57d5a0f1b0e768c79 89
1643862859.0039635 1643862859.0036743 0eebcdddc29781935524425a86c00f403f1d961ff4a1ed9ee35f44e1c2855b74 89
1643862859.0220158 1643862859.0217586 2061be4fb8160c4ccc6f08d039cb6ee644b9143b1bb47b685f0719e98bf078d2 89
1643862859.2751327 1643862859.2747233 754b9f8d8f0be3c4c7332f921e84bdeb5de160291fb754e765e076c7a272bd5e 89
1643862859.3107529 1643862859.3104599 b64343345906c7cfe254e79f09e9b6302cb79e6b0f4deec11548807fe6cf5bd1 89
1643862859.488955 1643862859.4886014 19c574fdcc36195ad4036f15149f0d46e7392efae7f8d8853a2fb93d1fcf5bdb 89
1643862859.7221003 1643862859.7217555 163a65b4140957c368936f351c57917ff6875637504ce5009176f24c9b9bf487 89
1643862859.9648125 1643862859.9644444 1da71f5561c07b7911d55ce7f139e866f260c2463824697012ab83249d611ec4 89
1643862860.1592968 1643862860.1589353 9bca2c622d479a5dff8a828e1ef9eebf78f20d945814ea6b96161a6a2a1003ce 89
1643862860.2314146 1643862860.231088 ac6621f4ee88fd055ce3ffdda553fbb6ec517c14ca66875e6ae944375904042f 88
1643862860.3043523 1643862860.3040571 d8d5e007102a4c93b549a0f09a0110bb9cd0ecf28ce783231e04957904e8d0e0 89
1643862860.5440059 1643862860.5436847 51cd5cb2e6564834860591c6575816a1ae0ccd1cd8b23505d709ae7842bfa268 89
1643862860.6510594 1643862860.650703 f728192e82d6684a2b5185b87cb5e5d09458ca574e8a326d01ad4bbd51c71183 88
1643862860.9170916 1643862860.9167166 24e9634f6d66fa3d89a554561360098003aa4abac3f25fba20cebca3ef257e58 89
1643862860.9335673 1643862860.9332337 c5d55679e64c8284cc4e2e414ee6e58b92483f8a665fa268cbae4e22371b74ec 89
1643862861.048424 1643862861.048127 f0d7a2a32b9416d2ada90a465c199dadc72acee6266c0cb4ea903db766af5071 88
1643862861.210066 1643862861.2097178 b958dc94efb9b7dddb980a439e680f81f14d41267c8ce3c9f9edf0257e541985 89
1643862861.3825858 1643862861.3823073 4dde40fccf210749d24d05e9a3c14d8b2a74c462a885dd30f740b79695a597be 89
1643862861.6377342 1643862861.6374004 78f1f34e2464c0607946498fe44a67d48696f1b0a015de3495b336608453f79c 89
1643862861.6871567 1643862861.6868393 efa60bd7185d0c796c2fe125168118d7eb7379b03b1a512f57a0171519578cdd 89
1643862862.0410342 1643862862.0406947 ef3c5d33dd1fcd38771bf43b0706ec7564aed31e531fedc496f8082e96fc43b1 89
1643862862.6295521 1643862862.6291797 81d9e94d3ae2eaf1e7cdd0dcc8dfb7fa2d11aab6f3a38f81ac12e67c587e4005 89
1643862862.7330346 1643862862.7324836 8a82a1a8609d93bdb952cc759821749267eb6dae1454cfccb6e376c89e17b64c 89
1643862863.0012293 1643862863.000921 2f4e1898f674295f2ac2ce8d5994cc93e40c2adbc0d4388b852c57eaed8384e2 88
1643862863.2051396 1643862863.2047367 9ead55b458efd7be0d8fcf977d9f682795c688098489cc89be34cf4f53742e64 89
1643862863.350139 1643862863.3497944 2b3c4f118146e942a75fb4b7d11449b56265b64761c17314a0908e7a1a30537d 89
1643862863.3812099 1643862863.380914 300ed206d0b36513a91edfd4cafa24c7f1c27c8668f348ec38ff2c41e866aab2 88
1643862863.4255483 1643862863.4252014 8f7f2dea2272d7b4e0fadd0ea38c4f303d501b6d501489af3b73937f19e8d7bc 89
1643862863.5176094 1643862863.5172298 3a188ff6356930af3f5f766f794a6500511423623fe325a697de08ae822c70dc 89
1643862863.5243604 1643862863.524123 be3c1c1b75600da677ed727b96278e7805485dbf57f8a3e6c0fc2d2f42d6f7e3 88
1643862863.5879107 1643862863.5875735 5aa3c4a3b9c063d991081625d9871db32d0b63108a536f068861aabfe55a5322 89
1643862863.6243382 1643862863.624056 2904300eda57512cc44fc0dff9244db7ca805320ac3f9971befe038fd48accea 88
1643862863.754923 1643862863.7546215 5c94ed12894cb47cb90c4c430e5f02102331856a9762a3646382902f82103712 89
1643862864.0952218 1643862864.0948403 7b1bd77ba110362c92ce8b27219a217b51c4186dc6bdc6dfaf53a1324910387a 89
1643862864.1235876 1643862864.1232653 0eebae1f48ca5251e3ad2fec5052994fa734fe89d6b576551b47432e3c162048 89
1643862864.28738 1643862864.2870011 04e074b43420d77dc4219842d6a8a0deb8a37169d334483caee5877b0aecf1ee 89
1643862864.6686292 1643862864.6683352 120abd811a76ed45a9cc9fef0838ec2cdb8b90ca2865b319566c1c793875f419 89
1643862865.22474 1643862865.2244296 a4beeb23ce9e9e04a67eae50e630509e922447bf275dbe59c3bdd3e1d7c8d469 89
1643862865.312393 1643862865.3120704 2c18420a46daac3a77f6048c3ad2f1ec17220897774b2e6e99e6d273a01776d0 89
1643862865.8281744 1643862865.827818 9e8633e702b01fdc91acd4d6cb4e93211679f44cf24aa39c3ece19361ae7eb67 88
1643862865.873617 1643862865.8733017 fd4a87bd04c02d854aa04100efb707901650f087a856417103d1a966b5fcd79c 89
1643862865.9447865 1643862865.9444785 6961cbeb1c48daee6c640f01eda954bd597f4618fc8e185c4baa9c479def4a0f 89
1643862866.177579 1643862866.1771529 c255d38a0b67fb4960812da038117765779c4fad902e2d2283f048fc60c76605 89
1643862866.9490798 1643862866.9487143 7ea38898194deea1458638e95aaf8e3d099742f08bd6949b7587785ca4c1b1d0 89
1643862867.0690415 1643862867.068668 98947d6f4f7cad36b93b7fdb3708892ee1e32d32b34ac6a126a40fa1e55b66a3 88
1643862867.1508038 1643862867.1504228 c52f5113197dbb1620258d8a3a64d85f30dcce19aa128c7ac95664acd9146922 89
1643862867.6349714 1643862867.634575 178381b327d933201a289807ab95fac6aeba08403af7f50d81ba6825682e8580 88
1643862868.3467834 1643862868.3464696 6d52ceb354af8c9c778fc3390a6a83c77956924a2914fcf3921de71c93f2101b 89
1643862868.422232 1643862868.4218729 0a9e86bdac3daa3f7ed979be7c98bbf6cfd9579577d4207e01d1b4c9501655ca 89
1643862868.6480694 1643862868.6476905 44d99a0a61b73180210309989838593dd7d773964b39bf0170fe995a2251d1f8 89
1643862868.6486554 1643862868.6484413 c334fbbf334bb5f419e8221302fed07cc1428f6c0631766df8073caec231bb8b 89
1643862868.7054877 1643862868.705177 27543db88da6345cfaab0b46ac8b602a17179c517c4b4bffdda1d908d8f5a8bb 88
1643862868.7435894 1643862868.7432878 68f38c1a86da9bd1f426b65827dc3f5fddf398ad401f856efa10d3b433c60a6a 89
1643862868.9722996 1643862868.9719422 3991fc3dd35d8d1f5273dae35ac7e7b8e55ada588654b00e7db595e86f91b1df 89
1643862869.3359065 1643862869.3355536 673d432f949a9843c31e71af0611a01e8985c7c9aa607239cb69a6d21c7d13fb 89
1643862869.5594234 1643862869.559045 5fdd18fe2df7f17fe38a96922704fd211d146fc69f89ff6c49f5a09addf543f5 88
1643862869.7519767 1643862869.751646 ded27f797bdef757f360b936729c0a08a9c680709201200713ee0b61aea02fb7 88
1643862869.864667 1643862869.8642259 20ffe3af9e82829448e9ff60fe833cdfcb84d12c604f3f40fe541ceb6c35b32b 89
1643862869.9438374 1643862869.943486 f482e382f03014c5d0f0460d362a855e033a354d83b916867d189947438fe8dd 88
1643862870.2152827 1643862870.2149844 41de52c9933c89892a516a58761b7b5fade6ae641448047d3dc05244c0519945 89
1643862870.250741 1643862870.250426 c0c268664b3f4d2946522f6f7b659325c3454113fe176c1c187355012b4c490b 88
