1643862218.6610072 1643862218.6600707 cfe3de2ee3724090f0644928100e74787e14e91197d3503d85db56f2b08ae29c 89
1643862220.62851 1643862220.6280026 62cc00011fc4c18cae507d3b9cc66d16faf60cfd6a88a021aedd32b84ab8f5f3 89
1643862220.980605 1643862220.978948 6eed3900a60f94880bf996aaff11cb3586a1cf77494baabb2a60ddf347b2fd9f 88
1643862222.2824392 1643862222.281995 18750e6a6fe0ad51098872eb52f0851ce55ebc33aa60d57eab142077b9d1c806 88
1643862222.6489444 1643862222.648491 613071ee12841fd9d47a9d4c28a421215126aa0afd349602cac23738211dd51f 88
1643862222.7324007 1643862222.7319493 67e5243952d07cf42274946ba4ef291d1a5f60d1d43816bcc43c37ce412b1138 89
1643862222.8773842 1643862222.8769221 a67616a55f60d6be4bfd836c24568a6f1997616269fd3cb95e3352237636892c 89
1643862224.7124317 1643862224.7119734 d73725bce0f761f5924c995533d42eff1b36a9b6801305f59db2bd0aa34e9a46 89
1643862224.8831565 1643862224.8827524 3a2e476cd3974f7d952327f1aa9279574b182dc64ebb7625aa94180627d6d1b5 89
1643862224.933627 1643862224.93325 cd3d96f54ef635e8c27c38e629336563237c6ac833db886eb73394f28df3ca33 87
1643862227.0691955 1643862227.0687616 22e3d70e2e873199c1fb3af9ebcbcc3461885299b7d7f32fedad35da50297db8 89
1643862227.0837917 1643862227.0834239 ec35aed932253a6e31adb5d82c0d43a4bcc8dd358026eb604ba5cff29c7df8bf 89
1643862227.1637235 1643862227.1633437 2b77e2a6cbc411814c025b8036cc7704fcbb7861f83c6c399c08f06fd21a9550 89
1643862227.3303711 1643862227.3299587 5e7acfaedbec1b9b71d50c2a789238d99cbdb6192f1c379c6c2c9994cac72362 89
1643862227.4046493 1643862227.404277 ad88aed44402b25b287b0045c58b2ceb55e2217ead04121d2871b175eda16387 88
1643862227.643537 1643862227.64311 3ef214ec80c9c98e3bf2c2c38b0f88c360f722b3ced8556e15f0af1f53a7e566 87
1643862228.211626 1643862228.2111993 bf3ab9bf31237c9811891c065056c664532a7e12b5cdb3030cc9dfd818ab99d4 89
1643862228.2893922 1643862228.2889612 05cf6eccbbf50a74e20e7be03216d4bb388bd1b1e0ff2311da65e8941849cf8b 89
1643862228.4542005 1643862228.4537785 7e253e74fcae7e3bf5ee3ddffc9e181ff2ee3481d306ad61919d9754fc32ba75 89
1643862228.7851315 1643862228.7846937 accd92df28c48897977fa0b65624f32cf327408610c6506b9709755539f3bdd7 89
1643862228.9310212 1643862228.9305456 421db2dedd5b5122802409668f22678a78f0df87425c37b54a02b3d40906a44b 89
1643862229.4776099 1643862229.4772117 87cd5861c4fceb9a462a343fbb94ca8f15da1d80a22e56e39ee63917b99d5b35 89
1643862229.845303 1643862229.844855 695ff845ba412fead29666374e1b2fca5dd4c6f4f1995c9ea746ce3d430983d0 88
1643862230.0770388 1643862230.0766082 25208b671bf8fc1c58ad9531f0dc65ded3a9fc227c30fadd657e1bc7b3c1125f 89
1643862230.214648 1643862230.2142344 5f1dedd6f2b8fadf3ed165b98825f1da49c5aff3eac889f8643818b785bcf471 89
1643862230.841215 1643862230.8407483 ac928ed5cf9d8b4ef101acec0aec4df589da59032ca25a5b34f4916ac2a4d5d1 89
1643862231.2623894 1643862231.2619739 78eb56d3b947b9639fef211eb2dfa1c4878d0529770f32af37e96147eaf7b21c 89
1643862231.5764356 1643862231.5722618 ea3b21ff0283251390f79b9a0e67cdedb7816ea16f692e9bb0813ed72c042490 89
1643862231.8065157 1643862231.8060925 cb222d58c4956f8219b4eca39c974a9ea9b3f14688565bd98dbd3d3ada5bcb2e 89
1643862231.9053154 1643862231.9048603 318f8335fc57855354a934e3b8a85b5eab0c8b9f74fe35b3051c5d10d52215c6 89
1643862232.2630017 1643862232.2626002 860ab73ca28e19dfb4d5ff8d9e163d753fb1230e1c5be47f6d2af500051b7f07 89
1643862232.7581782 1643862232.757748 f7f1d12867bd1124d4eae1becad6b62c40af30c2b038079a7b248e0b290a794a 88
1643862233.073626 1643862233.0732107 4069b99bb47667e25433090ddee8ef156a85efc429070d0190671db20f330d41 89
1643862233.291426 1643862233.290985 9e487b1ea3f030a70fdf21bf1cd135f06a0715f910e85a610b840a3fed91a345 88
1643862233.7064364 1643862233.7060063 300a4829a0543dc239374118a63d320211c07420e79f4d66da872e8ca0242c35 89
1643862235.1090286 1643862235.108639 4f7d13fe0580a62f6751fe4f472a085eeba2f7b0e2dcced94f9bb858da096328 88
1643862235.4460902 1643862235.4456306 6e6fd8a68a4f6f7404a9c872b25fc52c0686fffdce96d6c683d14ce480c20e56 89
1643862236.3122911 1643862236.3118734 fdbade7ad8115c00b70ae3d8a4946d38eb52a531ea56ae4c14a8c0660d57735e 89
1643862237.3970604 1643862237.396696 8b55dadf5e54e6d4adcca23738139a0fbe67c219c557b73bf7552f75e59eeaea 88
1643862238.0115108 1643862238.011103 75c9bf287f89087c1646136fedfc67f8c1bde030aaa951960f65d6152303f107 88
1643862241.537967 1643862241.5375423 445689b503bad2b1bc16f1a99308cd33a39e3d3857910df3faa2122fa2c1d7ee 89
1643862241.5415366 1643862241.541262 9ae4e71dc1f61379d69ab727f46a0a080aa974a2ae970b2c58ff1c0a36a2f8b0 88
1643862242.4988499 1643862242.4984357 313f6e07e36c8ae94f6824625675a74253f107cccc4d6a20ba7fe35cf2617ff9 89
1643862242.7718298 1643862242.7713938 214093e5d6bdd7ca7b7eeb933079a8cf39d40f82650e4254e9d66bf9b9858cea 89
1643862243.3864994 1643862243.3860548 be07fe6f2571fe4fdd4df430d2336caf2759c8ba19326b44e19b14b7e15e7d43 89
1643862244.4261642 1643862244.425732 8383199ce20baa982eb73d587a5fc42500975610667f01eff33dbd18d2fba492 88
1643862245.1379445 1643862245.1375325 1c5243ec25b36e82329e70f5c1fda636937a2fb27fb9f9ce98f3f18e62e66862 89
1643862246.206788 1643862246.2063274 5a2e90e129c6cf1772dc30efe688c0b5ff3269c6b1e29383c5275aaf4eb5251a 89
1643862246.8715792 1643862246.8711479 7c28e075acf8654975e625350547121deec9aaaa7a200c598c6ea6282030d402 89
1643862247.011234 1643862247.010828 931159eb827558037e4f303a80973dfe4ba50c3b28b6ee8e4961c88c144cf5a4 88
1643862247.964277 1643862247.9638095 8e2b4b9c9b8dd6f2fe95d1479b4ff029daf3c2ea460314c037e727e2f3d64c65 89
1643862248.4304388 1643862248.42999 890ade2e6bf1327081fccd45f292ff51708b07e63662c3b41ca183ad3a2614a4 87
1643862248.606846 1643862248.6064608 c2d71041563c9e3f9976a996c91518d0a11c7c4fb215fdca82d04fd9412c2db3 89
1643862248.6232886 1643862248.6229522 a236c770496777e15b79b4d9d477f04262f3352a288ca382b74dec4238df99d8 89
1643862248.838183 1643862248.83778 96027de90b3db2d9f1dcad5f54080ff6182bc1ed74abfde5d54d57bb02bb0be3 87
1643862249.0809715 1643862249.080578 6014d51c859a38da4f1e4efac7bf53d7102ee3c9b8413d9083ebce1ac03a9f60 88
1643862249.2400386 1643862249.23966 4aa5431c211254a13b53d3f9b021d2f8d13d7436d991ca398b9c7b86bedbf076 87
1643862249.5348613 1643862249.5344868 0958092d15c61eb0bd38ec6d0468c17f8795665d361d7e086cba80bac6218b5a 89
1643862250.2358694 1643862250.2354393 58aec7011207e7c1860f8494674259147ce31e717ba672a26f8a31436c2da9e5 89
1643862250.4306107 1643862250.430212 0d2d596884bb5e2ad0b597d63d6e6d571c68eab0b7f97347c3244bdbde252846 88
1643862252.4401617 1643862252.439714 8603d67ecbbe5bee369bc0b926db0c4e668132f156b5f741bd4829ec2a3a6da7 88
1643862252.5267386 1643862252.526317 a5c8a0fb89c9b537e97d5439ba84ed1a3f711eaf943a7fce7377f3d564714789 88
1643862252.599782 1643862252.599363 b0a23ff9fd9e055e5f3c42546c73baf51194e15b72c8c21ea01ab3a110ab29ce 88
1643862252.6321077 1643862252.6317146 4c669aea9ae14477e7dbd43bb39e86faf0c10b30d8312a812d3b76f59d4be193 89
1643862252.6877916 1643862252.6873908 0a7e54814f09a72b7cdd7ef6e3521e6ee3f4d92b739ee35921c27078864fcd9f 89
1643862252.8120422 1643862252.811635 0f89b358f21394c2f6f6dbacb794c1bd07531d6b151064a0768c8c8e01b06e4b 88
1643862252.9129083 1643862252.9124599 950f0f9c43df64231579ff22e0baf5f940af783337b885109931b3f52942cd88 89
1643862253.0655515 1643862253.065173 88388832294b3c8059d875aaaea312ded03a27568a32bc9369404721c4fd493d 88
1643862253.107222 1643862253.1068146 3cd3481af9ec6ea3e98ba2cf1c2bcc83745f8c0e719c9547256f4d8b73ace380 89
1643862253.3935323 1643862253.3931298 f3faea1dd43698e5526a43bd7c57c441366e59a34c47d635ca789a4d4ff4f4c1 89
1643862254.534054 1643862254.5336115 eea4ea7d5eb4662860b3aaeaa0f9e64cd75600bd31b6d0fb17d51e04e561f042 89
1643862254.5977628 1643862254.5974011 dcfe40e1b40c0d3df642f094832ae733ae39b12510a41902d730f7e1ec449602 89
1643862255.0512068 1643862255.0508192 dc616a55cd52c7d08a6983e142d122fe7da8e4ab9aa1e880d5d7d3f5bc9e2aa4 89
1643862255.268247 1643862255.2678456 60e63e6d5e7efc0edeecd040b41c7dd3f20cd689f975aa6a5a413efded01a46c 89
1643862255.519663 1643862255.5192578 56243ec298fec8cc25b4228c2fc308f4b61238a48961d27e10a2b1392784d907 89
1643862255.8544583 1643862255.8540404 ed989d50531755a4d916d995510ece394f2abd546ab831941e89b31ecd4b47d8 89
1643862256.102723 1643862256.1023128 cf0bfe2c7cf1d5ed2fb407485a864c9963dd92bab562ac4c320f81ff63c085f7 89
1643862256.266993 1643862256.2666106 8a921954d7be762bbf36176c55df94fec967d841be7c9ef21c84e9cf24886637 89
1643862257.071517 1643862257.0710456 aa63ae3ce6786f4044ab66d14c66f1f7bdc98acf18d5676ce7bff51022eaf07e 89
1643862257.1727796 1643862257.1723335 a0db7af9584d99fe842fecd5322834b3654cb4a3f5c89aa944d45ca4ba7ef273 89
1643862257.24639 1643862257.2460005 5a15d93ef76ca981af2b81d0c4124a8eca57352ae19cacf7695f0b284487849d 89
1643862257.371779 1643862257.3713987 08ac624faca2128241b5b653020e5bd285771d7b5c0a46a2f6db7575c14b47f6 89
1643862257.4233055 1643862257.4229362 948191404e1bd581966df83a49b31d0dccd53324fe1e2474ec1240a57fb65951 89
1643862257.5820925 1643862257.5816627 ae03fdf55067708be2c453b0a25b42aadbbaeb6510702841a317345918ccfccc 89
1643862257.781565 1643862257.7811923 fc6e5bc5299a16c22b2551498d7f09aa5febea14f51b9cafcad993d80ea5afd3 89
1643862258.1252863 1643862258.1248372 98ac2b5b56feb5bcd9f620efe895670686cd3c02279a3896b0931fa41b623c65 89
1643862258.2230308 1643862258.2226627 78368d0246438e3e8f6f0345cd734300d9acb681fa120d946f58f7dd87801722 89
1643862259.2739143 1643862259.273372 13c04146b22d4c9feec2bdf71f1c3d49525efa27d0daf18a29cc54a8afeaa1c8 88
1643862259.5860016 1643862259.585592 be620b1294ef9f5f100a9294d35467d0d5896d0108a3d08c35ed36ea9755373f 88
1643862259.7915907 1643862259.7912157 a3e8dbd583a5a596761914bb1b341715939ddc7ef39c4f1608ffdd13c00940fa 89
1643862260.1812804 1643862260.180838 b010c64df3ab5a460b90a0849281392beb5e1b652fea542e2de84ccc2fa3b810 88
1643862261.9935765 1643862261.993136 a95a4c7b6c0354791de35cdd43e664a5eea37ab8204497a0bdf0042a997a81ef 88
1643862262.6370194 1643862262.6365516 b4f9bfaabc6f65b94be2a423ff3c931d6f80fa08b2db98d56b4176c5f182f5b3 89
1643862263.0515409 1643862263.0511174 875e6777896e6ded11866842d69beda12c1bc26986a2cec847e4efb48e7eecf3 89
1643862263.0910277 1643862263.0906231 f6dc54cab3130d9d0fbd928a862f9cd2add5b542e2ba2c1709e144d5c209ad03 89
1643862263.383852 1643862263.3834162 bd4d3de06f7023a11727b895941c20047ea70798517bd3ef7ed83c6154f29e6f 89
1643862263.392768 1643862263.3924623 5298856e6e0c7bdadc1352469a65146264f845eca9808d3847e430107acc58ca 89
1643862263.737649 1643862263.7371612 b979d39e5a3807b2ba2b0255f7bfac931e934116f50cedbeb610157f86af66f5 89
1643862263.8935125 1643862263.8931422 1a6b0a80b53d0fe91d6b78455e645fd2d257fac2cc80d2571c19a446de223a37 89
1643862264.626591 1643862264.6261952 3f70f5e73c03503c8c4815ac5145bec37dcd1be12ad9281010796ca4fcc901b6 89
1643862264.880755 1643862264.8803878 dd3e93cb78cbce83031938a5d5d132b79aa03d2ba0c8d7aab15c1e16b15e5c61 89
1643862264.9227068 1643862264.922284 6421ddffa00caf9678e40081e51511a43cd4ce7b6eee474e4b41601b4051393a 88
1643862265.4715016 1643862265.4710262 14a99c02181dc0e885ebf12e203679c771f79c44d9674e883a6ef67345345dda 89
1643862265.9174862 1643862265.9169903 ead17a3715e6b3c3ccc21aca31e0e8c8d97dd6d3184375ba5d744952fc2cdb18 89
1643862266.6338806 1643862266.6334548 c05bc999624e078c60d481726c33ed136bb8abe567943ab132d549b17f1bb703 89
1643862267.0066972 1643862267.0062916 ad2112fe690c093d05edf165a4eaa29cdc168b858d608c7945878482daef397b 89
1643862268.406338 1643862268.4058757 2d60b3501c213e5d49ee2d3a048ea4677e2f9d44fc55a8aa81b2e4aef44e5992 89
1643862268.5414915 1643862268.5411105 c590fd33a3589a0c237ecf5bb59fc8323aa345d237f63d6120c2e55cf01eefe7 89
1643862269.2058077 1643862269.2053638 6a7f9ba73b5e3685abdbc3ea0faa9418dc4296897045137fbb90e07909021d87 89
1643862269.2389405 1643862269.238554 f0dee0004fb1e7fe603b8c2d2da50abbe984f1b71dceb630df89c53b9c8e6851 88
1643862269.3830934 1643862269.3826823 22a8a918dbfbaba6a353582fbb5f6f15ead5c31b1b4d11bfd3e4d7a01e00637d 89
1643862269.7357304 1643862269.735301 e160ac3e9f4a18fd3ea74e1cf1121c0062ff150bc72c4204ccf3161af0efa4cf 88
1643862269.7661738 1643862269.7655678 e1890ed387f8a9e23c6f3e436a922171012005c0e59954217ef7c9bcc832ce7f 89
1643862270.3341725 1643862270.3337243 b3eda499f399b3b8f76b3bc3a2ba0543f2a15eee8cae7bfd24072fdfde15a47a 89
1643862270.35525 1643862270.354891 52181bdcc4091fe6d4af88a45b6e6f85957ea03acbd9d485bb5609b9bb228d85 88
1643862270.7457223 1643862270.745268 667587df88759150ffb725c70d8612cc4abeb2f3f38aaee496471fbc46e89cd4 88
1643862272.383302 1643862272.3828657 f31a560ab51db8b2fd92b5094030b8b412b3693c61f244e90d4f7671bac2f5a6 89
1643862275.1418772 1643862275.1414385 a6a2521b59f882716bd72df9be48989644a5cd7c55827601e7a220d569a7d849 89
1643862275.3941402 1643862275.39371 3af5ee4e2e757cdcc872d66288b6618d5975dbf06469a888c19719da5f2def9e 87
1643862275.699733 1643862275.699286 0aec63e2f3fce7f28f81b71254f9b1a12cd788c1852a2918f0bd9920b640c33c 88
1643862276.4418302 1643862276.4414032 dbd2d6701a57d7095e846b6d1fdab826b7bcf1a9463a7481492cdc9a84fd64e1 89
1643862276.8089137 1643862276.808472 0f8bcc2dda27906d31d5ef7b6d14a8dbdf99d8c27ca211b03adec94c97c2d953 88
1643862277.1375577 1643862277.1371472 b3d7e18ab35f2b986948132153b22976f277a4f788f89680890c2c3aff5f1855 89
1643862278.5273962 1643862278.526957 378029249e65c7aac0387f08fb5fd1601935b912374534894c4106ec7a01a1ba 88
1643862278.9206042 1643862278.9201713 1200d90e7913316ac587c3352e8eba84ff10409bddc9717ec9d66467220a7159 89
1643862279.461547 1643862279.461099 5ff57ca92f640b414d014866d7b705e1ccff91c67b03dd1a705e9cf67dee4f88 88
1643862279.8518634 1643862279.8514469 6ee2b3ee546e6b305d123f9686d4325af71dbbe74b66d92561672ea335c360a3 89
1643862281.9576862 1643862281.957156 1ee775bb1ef610e5b28eaead2b5de0fc1ae19736bb991085688246fb249923ec 88
1643862282.2727506 1643862282.2723167 d05c487ab7b58aca94739fcff2bf8373f2f75c7621fa11a55bdb356b057d91f8 89
1643862282.8084722 1643862282.80802 6554a1d469094031d2d3264963074a0448c17dc756919caac94b8280f3ab7306 87
1643862283.1209245 1643862283.120466 0dcbab8cc26b92b03e82bc7b8e184045427f08cc8656984204c237ace795892d 88
1643862283.164587 1643862283.1641674 acf080cb9265d3365d48aa27f49341b164ef01664cf4a0388b5dc6c21793dce2 89
1643862283.3596737 1643862283.3592136 7fca4d9ea4c6352d50139b6f24779dad2cde335c3aa7bc04646a581c0446ea77 89
1643862283.6626058 1643862283.6621704 c6b7bfbc5236a399c938bddc3610757c4710e787742e27158a10fbc56556fe3c 89
1643862283.991573 1643862283.9907696 339d815206878e7c73ee8416f6502f90aa5dc1cc4d5c7cc31802accfe2810699 89
1643862284.8396826 1643862284.8392806 49a4faa201dee5a34deff7a017b23931c634e8cbaa2b206b0ddfbea4f7b0faa4 89
1643862285.1241157 1643862285.1236858 7031ccf90b6cb838b42618b128286195c1aaa550986c5cd7bcb0a12600d05d7d 89
1643862285.5098274 1643862285.509421 b5b8c725d38bfc64879477a6e3ddcd12c60844331ed208b47ab66904e971286e 88
1643862285.7877252 1643862285.787344 71a51e5470adeee2c5ae621bb1a46def17446a4c9a9e4d888947b2a26fb2c63d 88
1643862286.1746302 1643862286.1740708 a2b087517d4b5a2490c91c82ef5236193526c3bd47cb04ee986cd775040e20b2 89
1643862286.3387015 1643862286.3381944 c5120b0109a7e02f68573ef230e75f54d45d06aacd17810f64df599d42c0fa9f 89
1643862287.6603844 1643862287.6599817 4509998bbf5539c42bb4c11e275b8ab60ba3754cf8a08f4077078f743fbf91bd 89
1643862288.2043562 1643862288.2039604 9c52dba5f763369068bf7568904e7e75be3008fd8df68167c45f383ec0369bdf 89
1643862289.9840453 1643862289.9836206 b6012c51624373d2abffee10fdf7f73bfbc223d71d8c614e2e08b1cfd3f83fa1 89
1643862290.5602775 1643862290.5598319 f1cf4183eec7cc9e1130c87c013fa0c1bfb9b7b4c490a8c15df31c47d512d364 89
1643862291.581194 1643862291.580798 470287d15cac90df9fa84e3a15ed78d0beb026dca84450929b1feff0c2d936fe 88
1643862291.8359685 1643862291.8354638 899b0c1275007e0a0ebf278680452c203c33ff04b1d13809483dfee4ff315be6 89
1643862292.8929977 1643862292.8926208 fee1b182178a98e7d3614f565e1d5988bf7913cbbfea43de38fe8d0457ca732c 89
1643862292.8944306 1643862292.8941476 ee01b0854f9ef7039186762e05697e8ca216697ffa2aeec440da23926dc9c5db 89
1643862293.312411 1643862293.3119447 ff63f0fbfa9221b2e5c2938984c835c159548a2f8df1d84b24d1d26d8fa1f486 89
1643862293.4826832 1643862293.482299 52164b946e1e24a481456f1f0097eec8034f337584e389c1735fc2f8246298db 88
1643862294.4409628 1643862294.440562 9e1aae2d63ba23fc10a6ce4330d27544da4c3bf42a8d9d7c1a4f745e1c4ee7b8 88
1643862294.9124978 1643862294.9121041 7e351c312746057b14619252285d57566fdb010667cfe4993c080d3654142681 89
1643862295.189981 1643862295.1895082 56e6c95d8074bba60ce606fac251e31196385e6d07f956a68669422dce11b478 89
1643862296.290963 1643862296.2904232 f0306967b96de5107f1480c8dae666b566aaa68fc6a633104224f9d467d752e8 89
1643862297.0042722 1643862297.0038452 97a3a48522d96c6361b78b43465a67a259c2abba07710c247b9c77ede5fb2796 89
1643862297.1048324 1643862297.1043162 0729f667ed23e829574f997f4239a7cf0cb0491dfd7421b511f8ae68677da64a 89
1643862298.129133 1643862298.1286674 4c7eeef9a23b4a3a8f8fb1f1aec365cfef7bc32ed530672ce8309e3743b8d1b5 89
1643862298.3032217 1643862298.302822 d9d9ec86dd5c50c98c33ec49a3a1036f7e8d8015db75c488467e3c818b13cd58 88
1643862298.704136 1643862298.7037082 7a582a0265ba0dd787b551535482c9e2fa21fbccb9a5c7662462f4f11b4840d1 89
1643862298.9102802 1643862298.909853 8f3c840a8b144d750874d626a911402294b6bef41fdf135ca500d3892ebd33e7 88
1643862299.1570551 1643862299.1566277 d48c1e304f6b5009003001b23d1f814b173f5fd02a66011f13d1d406e1f78f6d 89
1643862299.3239725 1643862299.3235288 e7b533a7ad14f5ff4a9aa44fdadd47de89f5d5ae5198b3961a3b01cc635b1074 89
1643862299.3498836 1643862299.349488 c31b4a934d6ccc53f2f16678a5e28bc9de575c6705a1fc0340f53c7a067546f6 88
1643862299.7971416 1643862299.7967198 0627cdb30f7ad0b8016b7f4d29bdf0d21b9a7b1940d2cdd466a8e6f5574ae8b1 89
1643862300.1880493 1643862300.187614 f3a74f69dace1e1c26acf19be7026f25a3da7bf10c1d05762d37b634162becd2 88
1643862300.3892994 1643862300.3888512 fbad54cbb2f4ce5292e2ccca6b5516d42462c167c040915bcb7fd30b655176f8 89
1643862300.766041 1643862300.765302 51e7caa40b6d98fb6f66488695152795d78b8781695e6b41ba0155ee05f48d2c 88
1643862302.7769353 1643862302.7765384 43f4ba4253ffc3f86cde0910e4f437cba39fa349514191d5dbb88d3fa3bfffc9 89
1643862302.9995914 1643862302.999151 774d19b15ccd5be79957d1036f1191057845f96f35ffbbd892202690905fa904 88
1643862303.3791463 1643862303.3787282 fe2bcef896943f88fb53a438d48234cfe6af478a7bb8f999d543b7d8e0f0a395 89
1643862304.794732 1643862304.79436 d0a536b8edfef23d91a0a3436a66feba5456da7b08bf941572ac527b708baf9f 87
1643862304.859881 1643862304.859494 716412892bcdd47fc7cc7db5bf252b82a3e9aed3279339f105faa0a26afa2796 88
1643862305.3954644 1643862305.3949926 60c894fb5e063ea5fe43017eb6e0958f16ae141635ef187bac319829e5481786 89
1643862305.6083715 1643862305.6078901 3bae806dcf6caf0bd3144b0684c48ce979e3d6203454ccbc1e474d0886e77180 89
1643862305.8245318 1643862305.824074 005477c514a73823730d94a80594aeb4170442adce99a8c90680422819121822 88
1643862305.900954 1643862305.900537 8b3132d51ab33bbf3113eb1ed46ca43e1ecae436a8e7c423d4bd0858d6366f16 88
1643862308.6467898 1643862308.6463661 363e9427b567e69d85a940c1f59b67693fff4d67d2a93fe82a77bd017914c6a6 89
1643862308.8846219 1643862308.8841338 a694d63a7620616ca4b3e9017a01fead6614a5f55a2d8ec20e37da59b01b3276 89
1643862309.4555407 1643862309.4551187 fdd050286535929a6e41282c69c139d6044271096a236e423ba1f33296d07f3e 89
1643862310.0867717 1643862310.0863101 b8c089239d069f279e102e601f3ba4d229a130a113cab74ac8366a7b0b65f0d1 89
1643862310.6298769 1643862310.6294398 80f40f3924b5e5f689a3155bda7d2853aac54352937fc6d5d87071a5f65ec7ae 89
1643862310.7697995 1643862310.7693908 20527234700e68b3975bdecdfff6969924f80e6076ef4796c7cc9e74ef30fbb5 89
1643862311.5917354 1643862311.5912929 67e124d92810bb544d6470dce7eb425f7fa05e0968f07c76cfd7c3890342b4e7 89
1643862312.182952 1643862312.1824713 6645191ebac70ddcb0dc591a1bcc3051db945caf5802cd56f50834cb00625608 89
1643862312.4956894 1643862312.4952416 a580234d78cb00618bc62be5d7ca35df8d79846c2e940a8e979233c7ca9e6bc4 89
1643862312.892027 1643862312.891576 36f01d2392550e59cd2cabdbd0b1d612109793c41bdbf4bd28c2fabd03e5608c 88
1643862312.8963246 1643862312.8959713 4acff029036b347d1be68b9c633f66d58efc29dc7c16206d8953aee0ecd6383e 89
1643862313.7767322 1643862313.776254 36e2c6a7bcb5086f9f08fc3b9fe961c54e906420e101b31807cf174f85713dc4 88
1643862315.3944023 1643862315.393951 fdddaf4d1184ec79c47726779eb8c6a876a5d643040cffced4cc5b4c7c773c7b 88
1643862315.5864377 1643862315.5860417 a3a0764dc6e9f80cc0ee1901006158e2446f00c5f22be13a3e5e0b51a1fb23a7 89
1643862316.0394247 1643862316.038931 5ee18ec536278033c009967332a2a92a1beefd19d4ae099e7454cd5f111c1fd2 88
1643862316.1399252 1643862316.1394947 616a193224055d9372849fd225725e65706dd8103f2a82ac7f9c55fe23ad10dd 89
1643862316.4619887 1643862316.4615421 56343ca8664d52b7d03995e6faff7d4a89d4dc28bd1146c62831940450cab47b 89
1643862316.5704317 1643862316.5700142 cc9efac0d4a1b731a1570e459b339a0c9b949d2b08bbe966650fadda0dc36dfb 89
1643862316.5742993 1643862316.5739856 763dd41fddda977c44433a940b0f0415601dce178490ca4372f0e53e1075cbce 89
1643862317.3955948 1643862317.3951674 123fc820a7f4fbc8db10d1f4e4d61b768dea87a80b569c78ba19019c715c348a 89
1643862317.5794213 1643862317.5790377 6b8ea21eef274957d596b344f3749be51fd3b1d196ee81dbb9e0ae4bbd137ce3 89
1643862317.8523238 1643862317.8519092 9666c0e3d489a980f05c9ef8aece02dcb3d2c7deb2bbb393e294bfb79a3c65a0 89
1643862318.044659 1643862318.044228 69ccf537ac62c78528e942e43084f76d82bed58656cdabdf18326b19af86659c 88
1643862318.1660752 1643862318.1656501 b5428f0d01cfbb61c50971b1f13f90f3ad48702659bf3e20e0e3a24a4468279e 89
1643862318.424272 1643862318.423769 adfb97e0365433a297442427d6ef5ef23ee87d3fcb9649681bca0bc92f872c91 88
1643862318.709891 1643862318.70946 bfa970ee65c549d95cf362db75fc57c74402500dbd30ad2a2a8a05b09be40c3f 87
1643862318.9440877 1643862318.943654 ec5925a1877e9d3e06b17508e3c0415650eded691e90f69276f4ca2802e47f64 88
1643862319.8319976 1643862319.8316207 1138a7267fa88a72974d0350928b3655d6cfb8c9a9ec92f9b6d8188cacea9dde 89
1643862320.3520994 1643862320.3516748 4a30bbcd4d2f06278a78a1f0cd6900de5c667e4d4620c36534847c8d17fc40e4 89
1643862320.5691524 1643862320.5687015 0b2342a87c80e33b854529ab8ce4b8711cb9ad8eca5d8d8067653a3a81c859c2 89
1643862320.832142 1643862320.8316987 6a7e54266c19d4498971777de47a9106f93f65c46aea67a2c33684e4b4d1dd6c 89
1643862322.4090762 1643862322.4086313 bbc69fd164f770b57113a17cb6bafb06c902611faa3934b0cd010ad20159e8a1 89
1643862323.6294923 1643862323.629043 4d86d60e9722272f048d9e2900609c0555bd073f34c0f8dfda3833463610250c 88
1643862324.2730954 1643862324.2726436 268a0ca9db7459a43848d299ce4664a6d6bd81c2dd4f2a4c4587624ecebf74f4 89
1643862325.9521933 1643862325.951757 e874a861cffd3eaf70145425616c4be96d013151e4730808769ad91b36d41aad 88
1643862326.088764 1643862326.0883546 ca21e52356b4985a69ae9ff1e82fd1671684380c70cd2125560d0dcf275074b7 89
1643862327.2753863 1643862327.274981 0250cb6c35ee82a7034de968758042867012dcee49755ae552cdcfaa38953b3e 88
1643862328.0431154 1643862328.0426729 5ce85350efd9057e72de1b4780611bb49c25c000b73091da6d6916a0e0b7f7f4 89
1643862329.020943 1643862329.0205357 929e175254dfb327b1f9872e945a51851e2018572a9ed503713f0196420151a4 89
1643862329.5650156 1643862329.5646293 a2333ee42489ee80d047a10f98cdd291bdf906272f7d7a2f313e3a008407f083 89
1643862330.4340274 1643862330.4336402 7e12a231f824c1c57b7baebb7e7945558232b487b710385f43e774e43999eba5 89
1643862330.80062 1643862330.8001664 4f5257bc2657eae60878dfa1447a65abf7d1b45fa69e0e8c9df7814a931252b7 89
1643862331.038638 1643862331.0381753 dedada8a512f057d00c69f669a6fbb10b7ec7d9bb718b785cee57b2bd176d5af 89
1643862331.8474321 1643862331.846942 6b0192f48e9b47cce4749c7028d53507f0dd8e81fea67f4021957ea2b78c8288 88
1643862333.8017728 1643862333.8012881 2364d427a5146126b9a63057e500b47018ff6b2dcd78410193ab5d163c6f0080 89
1643862335.41065 1643862335.4102867 2970c2d3ec767abd482a8523d75da575d44260825a5f088ea6eb0c87390fc7ba 89
1643862335.6949449 1643862335.6944978 6fe904e618af06152dd9641b85ca10334fcebc789ca6f06e3cc5196e78441c63 89
1643862335.7598295 1643862335.759397 2a6fe96ae28a9df0289d73e3d3c4b51648f20f7fca5260c88dd796dd1e706378 88
1643862336.3553822 1643862336.354986 b49657d684f288a5cc24826513267e09c874dc001685f237a7864bf9aa98f1c0 88
1643862336.807178 1643862336.8067222 aed74fde8d11f673a42d55c23b8308c14ffc16fd22bec7d0e5688bee82670a25 89
1643862337.0181127 1643862337.0176704 bfa5a7b17e87b0f3c8053987e48344bd5578e939487dfea8c680e7e12628408a 89
1643862337.3984137 1643862337.398042 a992c60380fed1c1da9350a674143f43c3ccb5e512be86be14b7c7511e2a324c 88
1643862338.8451614 1643862338.8447142 139dcfa1e91e5e6d389ef3ff87db5b0a98a3df52edcc5d3cdafdd014b800fa8f 89
1643862338.8704202 1643862338.870049 a5d91b6550890ec42430b946aebc8dfcc6413453c989b5707fb298457602389b 88
1643862339.940671 1643862339.9402483 6d5ff20a1064dcd0ae9410e902caf06ffccfbd6536d3edee5ee318967a8bcdef 89
1643862340.3631668 1643862340.3626988 afac5a6f3801e3346fe20a876afc4153ff1ab5fa04fdf4c6f4f5d99cf8eb850c 89
1643862340.5878813 1643862340.5875094 5a58d3a5e84ca1f97771a4acb44ea38cc6d983d6cbf71cbad5b432c8e4925c6c 89
1643862341.6834393 1643862341.6829228 916b1b9351061caf20ee13d113182ad9b7d38dcd0a01649abee8b7b424da1eb8 89
1643862342.4843783 1643862342.4839401 ea8164a9f6247f6f8b85897bda47d2491c883128824fc046d0c10da66ebe49d9 89
1643862342.7275577 1643862342.7271175 4327166175432ce4949aa3bb543c158c4bcdb39f2e9307c3a32d9b58235b2ea6 89
1643862344.286575 1643862344.286092 67c1b16452f4ce7758509591da0ef17a643b661a82e122c52833ea2e99fa45b5 88
1643862344.4801445 1643862344.479753 78c6c541f364dddf76c3815d767e53a41b975a42cd679ed1d64e71f2b4efa5cb 88
1643862344.6527536 1643862344.652386 03161fb385459e2e4fc6e52f968b67b3b2274a3468af11cf2935a2a7438c3ab4 88
1643862346.059419 1643862346.0590508 c5f0ff718e22ec519833da68501e54598fe2228efe36e2f8179d955aaca8380c 89
1643862346.2233825 1643862346.2229588 0868236b2a4f405057f6e3b531c7cf0170b04c0ec66639ec2d9cec5faad2fff9 89
1643862346.6927536 1643862346.692244 306097bdc32007611fd7d06910c08309292c3ae3679ed8e5bd17270860127473 88
1643862346.7286239 1643862346.7281687 8d8df64ca96633502789c01faf675275c0ce8cd75d00fe6353c0e884bbe58ec2 89
1643862347.2033048 1643862347.2028408 1ca2ac02da2c5d3a96fcc1d8d9881df756133541db6bb1b99023eb24a2d0aa83 89
1643862347.607996 1643862347.6075678 29e7b999a12ccd1b390423ff634c055e12ac215c09d650b1b8105cc48e918b3b 89
1643862347.8289914 1643862347.8285654 fa508d36dbf198da465aa60fb392cb94bca208ef17ba28bfda600da99dc96889 89
1643862348.1029532 1643862348.102564 7b03be82b85403ce325aca2392eda5fac9bf602b04a4ca18d1459790ff626be0 88
1643862348.1533608 1643862348.1529312 7bf4af698720e416ca7d51206ccc3ba5503672bfbfa025f653c2f3686ecf3e7c 89
1643862349.1702259 1643862349.1698132 b43d80cc076daf22f034676f0ec1fb544bd42060d773b5216c2163f31f5ce924 89
1643862349.377434 1643862349.377008 8a009fdb31f38881b8a28b0885be81ad72a76a29c9df50533c8238111d455802 88
1643862349.6554592 1643862349.655081 6b4423bec8511758ef2eeeca2043f1056a7a86e609645e45d506caeb9299f7d6 88
1643862349.7779238 1643862349.777521 b4f7a76003f2abd9002ac4117793ead2d2bdf363c984140176e9cf67600c1f86 88
1643862349.792979 1643862349.7926345 c210641e697b73c754a609d5d18e02f511307149eab25dc4f175a85d6a516900 89
1643862349.802578 1643862349.8022883 b3b132eeab355d9792e8db74663a9c90a5b70baf1d832ac9bba7c003340fbd35 89
1643862350.064781 1643862350.064114 116c60bfd3d7341846b0f0c0e807bf688f7a98066d0f1d791623803a149c1ee7 88
1643862351.9184916 1643862351.918055 d9bdf0a64f5848e6ccf8a74af2ad8de1725143a581c96b765b6f952040bac0be 88
1643862352.2011929 1643862352.200775 315aaf82dc24e1fcb85a9b0a0c93879a777de4caf87621e25e8d82c79aa94a1c 88
1643862352.3929927 1643862352.392605 ccd3b4e21ca46b52430790ae7d155fa9131f1dc3a1f4a676f7b9ee3ab8f9af6b 88
1643862352.5567822 1643862352.5563464 fa16e6830d117e92cd4ac5dc724cf6818036fef2bb177a3999f973ca79bda184 89
1643862353.159946 1643862353.1594553 ce5cde10c7478773fbdeb81f9f8cd86ab6637421533b10112e7bb1f5d077134d 89
1643862353.6283581 1643862353.6279228 c16f7368242091abc3dcd1f041c9a2819cb9525e7189565dfa589874cdddb260 89
1643862354.8311687 1643862354.8307188 380af99b32439f23a1e82861e43fb736ac56fc8ed88c0982bcec6aa4a1909887 89
1643862355.1431456 1643862355.142738 aa2acadbf4145c00f1710a3660359a709901df03d737239a7ec06617f20d4436 88
1643862355.4849362 1643862355.4845216 b143e0b08efbc34b537fd968364febddce16dca25cb083a9b6b0ca81e389ae33 89
1643862356.8375347 1643862356.8370547 a40d09cb69f40a0497569c56139c9941b8d385676ed3bbbaa4090c9166507799 89
1643862357.0012908 1643862357.0006354 93f4876110e65119b2584e228bd3bbaadb0f2b4f9b12a2e56b9774ec33750d90 89
1643862357.8308654 1643862357.830472 b385883ad449c8dae425e6869823bdd0dad1dfa5a38832b85b185632966a62e9 88
1643862359.4927793 1643862359.4924257 791b1fc20505e2a5057af088197c9beab7273f7ac213df7b0fc4c0cc94d94345 89
1643862359.5228612 1643862359.5224526 0868723cc2d1a9fe9e251af415295422b51ba54d3ef7d8585046d8bd5cf3c61d 89
1643862360.24989 1643862360.249504 b34be6bf53d7587b0f69f400fdce4c8bc80fff9db99cb8bbca8d37e738d8d4c0 88
1643862361.5430498 1643862361.5426157 6e3047c49c1e300bdb71212f78289b8c65bc27e5d6859bc0e3f8ca8090152a82 89
1643862361.962107 1643862361.9616885 8e87bfd16273712c9023666b736b21fbb562ed5d6cef18c4e57c44ca0b8d2130 89
1643862362.3063056 1643862362.3059103 78d90cae1a0d7d8b549327d224904261d3acd9d5d13019f8e9f7adce43ac964c 89
1643862362.7796707 1643862362.7792447 9df74ced658dc6468902deb1a89f325685429d2978cd0026372f0173cd8abf98 89
1643862362.9541864 1643862362.9537573 7030d376717b56f9bbddd31ddba0be6913285cd62d7bfd315e9e6cfaaaa1dc98 89
1643862364.1599107 1643862364.1595173 e9c5e625b8435a0cfae709d27e01077daf7f6eebd6add8c8bc94c550df38f7ef 89
1643862365.2531283 1643862365.2527583 da2e0796ad1b3857815832470cbb97eec15bdb33151b1b31db2c6ac2218793b3 89
1643862365.5364337 1643862365.536015 ce385e6a28c50314bf6484d75ed2e1260fcc34f51930b6e2fa6af307af393895 88
1643862366.9447548 1643862366.9442956 ffebae8f47ddbeecba573d0d1190943b9a7e120a6ab6d1cb1a109ea58b5a4653 89
1643862367.1317732 1643862367.1313167 5d59dd91eb68ab01af1a2d9f4d4770dd8579ff61acb53719f108fefe6a87911d 89
1643862367.3309114 1643862367.3304808 a5ea8d3d72f41ac3defda940063067d3e93a6575b1537a4a995e578f39ff7073 89
1643862367.4857068 1643862367.4852898 5a512a02a8527da098869d05f920a3a1cd61901270c5af36f0e45ba513beff69 89
1643862367.8005867 1643862367.8001916 1e659567cc019151b5376b78fa471d4572ee80cd8552203130fab83856d45d98 89
1643862368.047231 1643862368.0468307 41a234c76710b6efe5f78b8bceff194e9056abe87ac6485204a489028d536edd 89
1643862368.7637799 1643862368.7633953 51e2be797c954b08be997a5ec16255cc45c7907d97da17470ba0934a64f4491e 89
1643862368.9042077 1643862368.9037905 f7bcd73d62de70793f1851b02cac18a85ae75ee1e1438fb8af5680097b2cb69f 89
1643862368.9051437 1643862368.904879 0eef20b689dfda2e48a40da757d9f1dcac70eeff2dc0fc071035564689398b57 88
1643862369.906614 1643862369.9061232 4204008e29efbf4fd3e3eedf059b541c4f30207c260c6687a3e87fafd7e14b3e 89
1643862370.3893301 1643862370.388868 3e9be76bc315efb804423126efee039b5ef79dc848b7f1b476eb542b18d419ef 88
1643862371.0282888 1643862371.0278614 f313f7f14c51b7aef8144075bfc49c0d583273dc2ce0b64fd6b1f34610cb1c46 89
1643862371.0705261 1643862371.070156 fbe3ae74d61cf4b7b8a6c5510fa885d4feb5b5c13b9b3b132d287a272c6ff5b2 88
1643862371.6431527 1643862371.6426437 4aee8d7d499e76e48061b4d7995403ef1fb6b985ffe4e8300ed1093b9d16c3cc 89
1643862372.3837888 1643862372.3833282 0d03a7e994126259d8b18fa160323974b46f58a3cc75018597ce08e0227d15ca 89
1643862372.5995955 1643862372.5991738 8666094fbd804fc56efb045fbb34148bae5b831b0417778e27dcd6d921f1e6c0 89
1643862373.8438303 1643862373.843422 299fd880a8253c481237b7ec5b5295f3f9b15ac47e5d386ae2ffe4a20880794f 88
1643862374.676801 1643862374.6763659 8d7699f8ad784ea4d4f3d02121eb724fb6bc5ee11c7a3b3b71af1062d771e417 89
1643862374.9131038 1643862374.9126425 6a827748084306799831c828e254da316935e7b27fc6e734649eb15fcb0f4a8b 89
1643862375.6763804 1643862375.6759415 c376df4cb84ca52d08921b95c73eaeccae603a7274ef9198e6462c42f97c2327 89
1643862376.5184197 1643862376.5179808 d265da88f0829880456c6e3f81898267e4ce8eb0c7a138b66bf52e0e24e9239b 89
1643862376.7778296 1643862376.7774386 958cc8ce6b2343e6102179bb8bb577d2c8221c1e6378ea46cc87cf7aee91bcaf 89
1643862376.88863 1643862376.8881876 84b2a931348dbc183e3a048d9bd711f208ceaf43f45760a2ba1d298c5254291b 89
1643862377.2551882 1643862377.2547846 abd7d6ab1d51720567cb49196d3e93708f61dcbc1a570b1b2c81074293cac9dd 89
1643862378.8345718 1643862378.8341637 409bede2c4f05f11311e3232a93ca422969ac2fb4019d9ed5e9e9d04787691e3 89
1643862379.2088816 1643862379.2084599 9fadbceea313f4be58bf983c1f1a6b7d0cfbe2a06ec5817275571a1be8eafad2 89
1643862379.3640952 1643862379.3636386 edb16a3f210dda1bbfeacad6db26f2dbdc75681e0d58871f3363536560093bdb 89
1643862380.128208 1643862380.1277251 bbff09e8e21ce8627ec6cf3dccd425bb80196c91cd98b400b5db0aa58f63218c 89
1643862380.4945996 1643862380.4941585 4d696f88c0542ac5c5206dcaa8a4e99e2eaa58e8f6b5fe5c841b105209ac931e 89
1643862382.6639955 1643862382.6635408 9435eb2bde1285a0c3dc23bb7d6a19ff653c443f75840f13afc1271084e535aa 89
1643862383.4296355 1643862383.4292085 a010a6152cbe3abe6c7923e85db2bec5b6baabc2c250c975de8b68db2c6a759f 89
1643862384.148729 1643862384.1483197 1496d384275670cc1334c14bac05263fa7001c5d2b93ef4e7f9d3393767bea37 89
1643862384.3142016 1643862384.3138044 d5f42614d8737131f4ecc062bc0edd084c337018913c077860ec7dc073817fb9 89
1643862385.1657577 1643862385.1653397 85c41fc5a1fd9e23069e9113391546b4473270b20d1f7d3360f4e9937b9ba7c3 89
1643862385.279707 1643862385.2792647 07afc37569986d58c7cca571f8e24f1df73b9689a4801c129806df05f0a488dd 89
1643862386.275331 1643862386.2748904 539311c03ffb3711330467a47d96a161cc6c8bd8f49ef8a8d6f97e0a1f2aa7ee 89
1643862386.328722 1643862386.3283107 74b5cb768c2fa2e6c938de56979472c6e2240d1db3239420af3df17434e848c9 89
1643862386.3519933 1643862386.3516324 94e4e15ba795a4e495399e9c48acac3680abc1c1aa688297566fbfef4944dd7e 89
1643862386.5811477 1643862386.5806959 cb29638e959055e2dac73c18e12472eb70b73f67ac2cf5cea56e689966cf617e 89
1643862386.8223054 1643862386.8218825 8bb496d1864560609b826b66a0b435a20dfff03401db3502abfc4d5d38b4d974 89
1643862387.0515628 1643862387.0511446 3db74ea3ef766a0ac3da33bd405c8f8f55506dfd57f5f6a6b339d9b78352bac6 89
1643862387.2987833 1643862387.298369 9a65bc274511000e21edf168abce1f0b3a9778b0e674677cd651787527c6d572 88
1643862387.3398526 1643862387.339492 6d08dc411f916a308c027204192a186af4192eaee68746206488c2ee654ab012 88
1643862387.365914 1643862387.3655312 d16ce97a10e1e4654be16459cc4d5832adca0dcec7e9b51c050c9d9e568d38d3 89
1643862387.879688 1643862387.879298 95a9c16ee6a388a5ae07b637c77b8b817b275068de0543adb416a3442363d241 88
1643862388.564629 1643862388.5642426 0c5da43fa3b21c340b6d47fe2532c9f41c89b49541acd9fc689a4d9f0dc5cb67 89
1643862389.9473445 1643862389.946941 72af9665126d4e610db9a33669b35c7bc5d3eaacc8283c19b2589f66507adf89 88
1643862390.3189194 1643862390.3184416 fa877db839ad320d0d2b1f8eb20b61c4b399457ab01180577781b6fee102f839 89
1643862390.416138 1643862390.4157403 558c816d9b8764ffe0ade771159542753e13556abc22f07eaf0f499d03bada4d 89
1643862390.4759455 1643862390.4755416 c6ffa22b6b8a9db5621b63a947093ac528ef931ffbded741c43ef0d44db726e5 89
1643862390.5705385 1643862390.5701065 bc9d368a1011fcbf8cdaa329d5148dfea7b5576274e0d816be982701fadebdd4 89
1643862391.5387325 1643862391.538288 b1346bbb8510ef35861ecbb4cb62e3b804755f48bba52e12a83b65b059a21c10 88
1643862392.2204833 1643862392.2201002 b82bc5fea87888d6de987560c05d891802eebdc83fe06c0b6f83808b0ff2afa0 89
1643862392.2352946 1643862392.2349565 018907c398870cfe221d494ba43d0caed94799be92e3225ab134bef616c521ec 89
1643862392.734384 1643862392.7339277 135e1b7ce68f6012b06d22addf854f5770836300a07cfa158948f0a260a021c2 89
1643862392.9146729 1643862392.9142864 a979e7f722fb21df930596c112a76528340b6e8a3af611a9770271a30c7deb6b 89
1643862393.0772808 1643862393.0768826 283c312479005aa32373ff2ede35f3dea6c981146cacd7d7efb0514c17236541 89
1643862393.7040913 1643862393.7036507 82236faf3dc8cf63e9616eda6ecfe643c699e770317ec993e6b82805ceb52e25 89
1643862394.1206446 1643862394.1202254 55580e760e7f30c27d4fed7c5dca43a83abdae3cfc7d72bfaceb4e310f33abca 89
1643862394.1608887 1643862394.1604915 675f1b192298bfa55998fce134fde69b62489d1c768aba24e928e9cace8ab520 89
1643862394.3074627 1643862394.3070765 fcb9880fefc8ed0adf3613ce3763c5e75787881163cb31fdd9c62eeac640562a 89
1643862394.398372 1643862394.3979864 8d24d81cc77193ef625cebf2b05faab40420d27db8f2af08ef1940453675525f 89
1643862394.6366374 1643862394.636163 35475b3397f8e31bf8eea116652575554c53f843cd0d67b5c7874f3ea135307d 88
1643862394.7599125 1643862394.7594717 d1eeeade16cce3570932b741972970f7d5f24af9429e29467e43009616fb6df7 89
1643862394.8091733 1643862394.808837 049bdfedde53b6058cd1fd6e78ff66e2ec1dcb335e0538f58cd52a1e5f259313 88
1643862396.120102 1643862396.1196454 308f6b382ed8fbe0948eec0634771d1d577f3436b6e0a778f3420318f8721972 89
1643862396.3265007 1643862396.326037 e1f6ec05fadef4fdd2e8207b36f22ecedf8b1d4f2eb775e14d2328289ca5e952 88
1643862396.330151 1643862396.329884 bd64b7fbe44a35e23d6b829a0ddbe90077481583b641b47bdce4781ac6a723a8 88
1643862396.7431438 1643862396.7427962 ab62af5e26b9e0db8b9819a5f13922f3d1ded17dcb2894b18055746cb3fb4e8f 89
1643862397.2228987 1643862397.2224839 72bc2746a21a8ffb71950facd13e362122096efb8f9bcd8a30ff014b11155b79 89
1643862397.9421055 1643862397.9417057 9d2ea3c80fd528f6d6ed3cf5af494aaa6c0f3451d470ba155821ad9636d803aa 89
1643862400.0965762 1643862400.096168 2c4ae19da9bb00086ed0f42afd0bc06291f0abfe0f4f3aec6bacc0a3b8f2acb9 88
1643862400.2913017 1643862400.2909315 6cc6e79bf81fc2b605950f0cec37c2f4fca54c2d19e28d8bc43212db41fe0347 89
1643862400.7491853 1643862400.7487342 dfcd2e6725dc509cb77b5a1626131559db0ec7bf3487ff49949cfc34924c9982 89
1643862400.7814047 1643862400.7809958 367f17528984d1e2b3f0404b3635ad71ba42776eb1c218d798d588892d162ede 89
1643862401.9847248 1643862401.984322 5be8dc0944a2a80702b4c46e45682f8a49143ce06818a4302f3addb6b82cfa5f 88
1643862401.9898722 1643862401.9895914 febad95253c32de230af8fa927c66f2c4b192b7f3bea37914f63da331f31e682 89
1643862402.516018 1643862402.5156488 83a95626053405017db1388fe841d378010a891f4bbe1099281977f9e8fa321f 89
